################################### RECORDED ###################################
# Collectl:   V2.1.0  HiRes: 1  Options:  Subsys: cnd
################################################################################
# Collectl:   V2.6.2  HiRes: 1  Options: -s+CDN -ocz 
# Host:       client  DaemonOpts: 
# Distro:     1
# Date:       20061010-182526  Secs: 1160519126 TZ: -0400
# SubSys:     cndCDN SubOpts:  Options: cz  Interval: 1 NumCPUs: 2  Flags: 
# HZ:         1024  Arch: ia64-linux-thread-multi PageSize: 16384
# Cpu:         Speed(MHz):  Cores:   Siblings: 
# Kernel:     2.6.9-22.10hp.XCsmp  Memory: 8302944  Swap: 
# NumDisks:   3 DiskNames: sda sdb c0d0
# NumNets:    6 NetNames: lo eth0:?? eth1:?? eth2:?? eth3:?? sit0
# SCSI:       DA:0:00:00:00 DA:0:00:01:00 CD:3:00:00:00
################################################################################
#Date Time [CPU]User% [CPU]Nice% [CPU]Sys% [CPU]Wait% [CPU]Irq% [CPU]Soft% [CPU]Steal% [CPU]Idle% [CPU]Totl% [CPU]Intrpt/sec [CPU]Ctx/sec [CPU]Proc/sec [CPU]ProcQue [CPU]ProcRun [CPU]L-Avg1 [CPU]L-Avg5 [CPU]L-Avg15 [NET]RxPktTot [NET]TxPktTot [NET]RxKBTot [NET]TxKBTot [NET]RxCmpTot [NET]RxMltTot [NET]TxCmpTot [NET]RxErrsTot [NET]TxErrsTot [DSK]ReadTot [DSK]WriteTot [DSK]OpsTot [DSK]ReadKBTot [DSK]WriteKBTot [DSK]KbTot [DSK]ReadMrgTot [DSK]WriteMrgTot [DSK]MrgTot
20061010 18:25:27 0 0 0 0 0 0 0 100 0 2048 22 0 128 0 0 0 0 0 0 0 0 0 0 0 0 0 0 0 0 0 0 0 0 0 0
20061010 18:25:28 0 0 0 0 0 0 0 100 0 2072 44 0 128 0 0 0 0 0 0 0 0 0 0 0 0 0 0 0 0 0 0 0 0 0 0
20061010 18:25:29 0 0 0 0 0 0 0 100 0 2048 26 0 128 0 0 0 0 0 0 0 0 0 0 0 0 0 0 0 0 0 0 0 0 0 0
20061010 18:25:30 0 0 0 0 0 0 0 100 0 2072 44 0 128 0 0 0 0 0 0 0 0 0 0 0 0 0 0 0 0 0 0 0 0 0 0
20061010 18:25:31 0 0 0 0 0 0 0 99 0 2051 22 0 128 0 0 0 0 0 0 0 0 0 0 0 0 0 0 3 3 0 204 204 0 48 48
20061010 18:25:32 0 0 0 0 0 0 0 100 0 2072 46 0 128 0 0 0 0 0 0 0 0 0 0 0 0 0 0 0 0 0 0 0 0 0 0
20061010 18:25:33 0 0 0 0 0 0 0 100 0 2048 27 0 128 0 0 0 0 0 0 0 0 0 0 0 0 0 0 0 0 0 0 0 0 0 0
20061010 18:25:34 0 0 0 0 0 0 0 100 0 2072 44 0 128 0 0 0 0 0 0 0 0 0 0 0 0 0 0 0 0 0 0 0 0 0 0
20061010 18:25:35 0 0 0 0 0 0 0 100 0 2048 20 0 128 0 0 0 0 0 0 0 0 0 0 0 0 0 0 0 0 0 0 0 0 0 0
20061010 18:25:36 2 0 3 0 1 5 0 88 12 7707 3393 3 129 0 0 0 0 3660 18786 251 125870 0 0 0 0 0 0 0 0 0 0 0 0 0 0
20061010 18:25:37 1 0 6 0 2 6 0 85 15 10657 5296 0 129 0 0 0 0 5440 29703 372 201113 0 0 0 0 0 0 0 0 0 0 0 0 0 0
20061010 18:25:38 1 0 6 0 2 7 0 84 16 10737 5277 0 125 0 0 0 0 5330 29502 364 199587 0 0 0 0 0 0 2 2 0 12 12 0 1 1
20061010 18:25:39 2 0 6 0 2 8 0 83 17 10724 5213 0 125 0 0 0 0 5628 29479 385 199697 0 0 0 0 0 0 0 0 0 0 0 0 0 0
20061010 18:25:40 1 0 5 0 2 8 0 84 16 10711 5293 0 125 0 0 0 0 5356 29676 366 200825 0 0 0 0 0 0 0 0 0 0 0 0 0 0
20061010 18:25:41 15 0 8 0 2 8 0 68 32 10732 5579 35 126 0 0 0 0 5617 29811 384 201929 0 0 0 0 0 0 3 3 0 192 192 0 45 45
20061010 18:25:42 2 0 5 0 2 9 0 82 18 10767 5304 1 126 0 0 0 0 5459 29642 373 200736 0 0 0 0 0 0 0 0 0 0 0 0 0 0
20061010 18:25:43 2 0 5 0 2 8 0 83 17 10727 5212 0 126 0 0 0 0 5442 29530 372 200169 0 0 0 0 0 0 0 0 0 0 0 0 0 0
20061010 18:25:44 1 0 5 0 2 7 0 85 15 10830 5228 0 126 0 0 0 0 5301 29396 362 199120 0 0 0 0 0 0 0 0 0 0 0 0 0 0
20061010 18:25:45 2 0 5 0 2 8 0 83 17 10848 5270 0 126 0 0 0 0 5556 29756 380 201406 0 1 0 0 0 0 0 0 0 0 0 0 0 0
20061010 18:25:46 2 0 6 0 2 7 0 84 16 10947 5297 0 126 0 0 0 0 5651 29643 386 200572 0 0 0 0 0 0 2 2 0 68 68 0 15 15
20061010 18:25:47 1 0 5 0 2 7 0 86 14 10831 5265 0 126 0 0 0 0 5552 29671 380 201117 0 0 0 0 0 0 0 0 0 0 0 0 0 0
20061010 18:25:48 1 0 6 0 1 7 0 85 15 10917 5255 0 126 0 0 0 0 5554 29427 380 199337 0 0 0 0 0 0 0 0 0 0 0 0 0 0
20061010 18:25:49 1 0 6 0 2 8 0 83 17 10892 5200 0 126 0 0 0 0 5831 29406 399 199351 0 0 0 0 0 0 0 0 0 0 0 0 0 0
20061010 18:25:50 1 0 5 0 2 6 0 85 15 10869 5231 0 126 0 0 0 0 5349 29351 366 199096 0 0 0 0 0 0 0 0 0 0 0 0 0 0
20061010 18:25:51 1 0 6 0 2 7 0 84 16 10901 5192 0 126 0 0 0 0 5628 29372 385 199159 0 0 0 0 0 0 0 0 0 0 0 0 0 0
20061010 18:25:52 2 0 5 0 2 7 0 84 16 10926 5238 0 126 0 0 0 0 5296 29458 362 199364 0 0 0 0 0 0 0 0 0 0 0 0 0 0
20061010 18:25:53 1 0 5 0 2 7 0 84 16 10771 5291 0 126 0 0 0 0 5333 29725 365 201340 0 0 0 0 0 0 0 0 0 0 0 0 0 0
20061010 18:25:54 1 0 6 0 2 7 0 83 17 10767 5247 0 126 0 0 0 0 5636 29511 385 200186 0 0 0 0 0 0 0 0 0 0 0 0 0 0
20061010 18:25:55 1 0 5 0 2 8 0 84 16 10695 5214 0 126 0 0 0 0 5542 29499 379 200005 0 0 0 0 0 0 0 0 0 0 0 0 0 0
20061010 18:25:56 1 0 6 0 2 6 0 85 15 10658 5233 0 126 0 0 0 0 5440 29634 372 201157 0 0 0 0 0 0 0 0 0 0 0 0 0 0
20061010 18:25:57 1 0 5 0 2 6 0 85 15 10580 5167 0 126 0 0 0 0 5349 29460 366 199632 0 0 0 0 0 0 0 0 0 0 0 0 0 0
20061010 18:25:58 1 0 6 0 2 7 0 84 16 10571 5187 0 126 0 0 0 0 5518 29364 377 199287 0 0 0 0 0 0 0 0 0 0 0 0 0 0
20061010 18:25:59 1 0 6 0 2 7 0 84 16 10658 5298 0 126 0 0 0 0 5484 29830 375 202315 0 0 0 0 0 0 0 0 0 0 0 0 0 0
20061010 18:26:00 1 0 4 0 3 7 0 85 15 10654 5306 0 126 0 0 0 0 5512 29842 377 202018 0 0 0 0 0 0 0 0 0 0 0 0 0 0
20061010 18:26:01 2 0 5 0 2 7 0 84 16 10657 5263 0 126 0 0 0 0 5649 29600 386 200446 0 0 0 0 0 0 0 0 0 0 0 0 0 0
20061010 18:26:02 1 0 6 0 2 7 0 85 15 10562 5172 0 126 0 0 0 0 5368 29376 367 198968 0 0 0 0 0 0 0 0 0 0 0 0 0 0
20061010 18:26:03 1 0 6 0 2 7 0 84 16 10694 5304 0 126 0 0 0 0 5651 29628 386 200519 0 0 0 0 0 0 0 0 0 0 0 0 0 0
20061010 18:26:04 1 0 5 0 2 7 0 84 16 10522 5257 0 126 0 0 0 0 5508 29573 377 200458 0 0 0 0 0 0 6 6 0 28 28 0 1 1
20061010 18:26:05 2 0 4 0 2 7 0 85 15 10562 5201 0 126 0 0 0 0 5538 29299 379 198187 0 0 0 0 0 0 0 0 0 0 0 0 0 0
20061010 18:26:06 0 0 2 0 1 2 0 94 6 5191 1985 0 125 0 0 0 0 2135 10841 146 73397 0 0 0 0 0 0 0 0 0 0 0 0 0 0
20061010 18:26:07 0 0 0 0 0 0 0 100 0 2050 19 0 125 0 0 0 0 1 1 0 0 0 0 0 0 0 0 0 0 0 0 0 0 0 0
20061010 18:26:08 0 0 0 0 0 0 0 100 0 2074 51 0 125 0 0 0 0 1 1 0 0 0 0 0 0 0 0 0 0 0 0 0 0 0 0
20061010 18:26:09 0 0 0 0 0 0 0 100 0 2084 31 0 125 0 0 0 0 1 1 0 0 0 0 0 0 0 0 34 34 0 208 208 0 18 18
20061010 18:26:10 0 0 0 0 0 0 0 100 0 2074 43 0 125 0 0 0 0 1 1 0 0 0 0 0 0 0 0 0 0 0 0 0 0 0 0
20061010 18:26:11 0 0 0 0 0 0 0 100 0 2050 25 0 125 0 0 0 0 1 1 0 0 0 0 0 0 0 0 0 0 0 0 0 0 0 0
20061010 18:26:12 0 0 0 0 0 0 0 100 0 2078 49 0 125 0 0 0 0 2 2 0 0 0 0 0 0 0 0 0 0 0 0 0 0 0 0
20061010 18:26:13 0 0 0 0 0 0 0 100 0 2050 23 0 125 0 0 0 0 1 1 0 0 0 1 0 0 0 0 0 0 0 0 0 0 0 0
20061010 18:26:14 0 0 0 0 0 0 0 100 0 2074 53 0 125 0 0 0 0 1 1 0 0 0 0 0 0 0 0 0 0 0 0 0 0 0 0
20061010 18:26:15 0 0 0 0 0 0 0 100 0 2050 23 0 125 0 0 0 0 1 1 0 0 0 0 0 0 0 0 0 0 0 0 0 0 0 0
20061010 18:26:16 0 0 0 0 0 0 0 100 0 2074 47 0 125 0 0 0 0 1 1 0 0 0 0 0 0 0 0 0 0 0 0 0 0 0 0
20061010 18:26:17 0 0 0 0 0 0 0 100 0 2050 25 0 125 0 0 0 0 1 1 0 0 0 0 0 0 0 0 0 0 0 0 0 0 0 0
20061010 18:26:18 0 0 0 0 0 0 0 100 0 2074 51 0 125 0 0 0 0 1 1 0 0 0 0 0 0 0 0 0 0 0 0 0 0 0 0
20061010 18:26:19 1 0 2 0 1 2 0 94 6 4412 1474 3 126 0 0 0 0 1792 8060 123 53277 0 0 0 0 0 0 0 0 0 0 0 0 0 0
20061010 18:26:20 4 0 8 0 4 13 0 71 29 17456 8768 3 127 0 0 0 0 13382 45941 915 312979 0 0 0 0 0 0 0 0 0 0 0 0 0 0
20061010 18:26:21 2 0 8 0 5 16 0 68 32 20326 9997 0 127 1 0 0 0 16194 52129 1107 357190 0 0 0 0 0 0 0 0 0 0 0 0 0 0
20061010 18:26:22 3 0 9 0 5 16 0 67 33 20517 10054 0 127 0 0 0 0 16421 52514 1123 359661 0 0 0 0 0 0 0 0 0 0 0 0 0 0
20061010 18:26:23 2 0 10 0 5 15 0 68 32 20220 10007 0 127 0 0 0 0 16247 52378 1111 358698 0 0 0 0 0 0 0 0 0 0 0 0 0 0
20061010 18:26:24 3 0 9 0 5 15 0 67 33 20208 9935 0 127 0 0 0 0 15849 52083 1083 356807 0 0 0 0 0 0 2 2 0 56 56 0 12 12
20061010 18:26:25 2 0 9 0 4 17 0 68 32 20731 9984 0 127 0 0 0 0 16620 52476 1136 359434 0 0 0 0 0 0 0 0 0 0 0 0 0 0
20061010 18:26:26 2 0 11 0 4 16 0 67 33 20609 10050 0 127 0 0 0 0 16718 52611 1143 360448 0 0 0 0 0 0 0 0 0 0 0 0 0 0
20061010 18:26:27 2 0 9 0 4 16 0 68 32 20701 10016 0 127 0 0 0 0 16656 52510 1139 359707 0 0 0 0 0 0 0 0 0 0 0 0 0 0
20061010 18:26:28 3 0 9 0 5 16 0 67 33 20556 10003 0 127 0 0 0 0 16599 52489 1135 359527 0 0 0 0 0 0 0 0 0 0 0 0 0 0
20061010 18:26:29 3 0 8 0 4 16 0 68 32 20281 9977 0 127 0 0 0 0 16065 52245 1098 358006 0 0 0 0 0 0 0 0 0 0 0 0 0 0
20061010 18:26:30 2 0 9 0 5 16 0 68 32 20078 10024 0 127 0 0 0 0 16222 52344 1109 358525 0 0 0 0 0 0 0 0 0 0 0 0 0 0
20061010 18:26:31 3 0 9 0 5 16 0 67 33 20642 10058 0 127 1 0 0 0 16533 52523 1130 359805 0 0 0 0 0 0 0 0 0 0 0 0 0 0
20061010 18:26:32 2 0 10 0 5 15 0 68 32 20299 10495 0 127 0 0 0 0 16333 52685 1117 360791 0 0 0 0 0 0 0 0 0 0 0 0 0 0
20061010 18:26:33 2 0 10 0 4 16 0 67 33 20505 10896 0 127 0 0 0 0 16459 52356 1125 358725 0 0 0 0 0 0 0 0 0 0 0 0 0 0
20061010 18:26:34 3 0 10 0 5 15 0 67 33 20246 10027 0 127 0 0 0 0 16272 52362 1112 358716 0 0 0 0 0 0 0 0 0 0 0 0 0 0
20061010 18:26:35 2 0 9 0 5 16 0 67 33 20356 10033 0 127 0 0 0 0 16389 52508 1120 359713 0 0 0 0 0 0 0 0 0 0 0 0 0 0
20061010 18:26:36 3 0 9 0 5 16 0 67 33 20854 10060 0 127 0 0 0 0 16811 52581 1149 360166 0 0 0 0 0 0 0 0 0 0 0 0 0 0
20061010 18:26:37 3 0 8 0 4 16 0 69 31 20262 9981 0 127 1 0 0 0 16239 52271 1110 357972 0 0 0 0 0 0 0 0 0 0 0 0 0 0
20061010 18:26:38 2 0 10 0 4 16 0 68 32 20032 9875 0 127 1 0 0 0 16062 51974 1098 356078 0 0 0 0 0 0 0 0 0 0 0 0 0 0
20061010 18:26:39 3 0 9 0 4 16 0 68 32 20027 9965 0 127 0 0 0 0 16211 52255 1108 357986 0 0 0 0 0 0 0 0 0 0 0 0 0 0
20061010 18:26:40 3 0 10 0 5 15 0 67 33 20352 10051 0 127 0 0 0 0 16379 52451 1120 359354 0 0 0 0 0 0 0 0 0 0 0 0 0 0
20061010 18:26:41 3 0 9 0 5 15 0 68 32 20460 10041 0 127 0 0 0 0 16705 52602 1142 360254 0 0 0 0 0 0 0 0 0 0 0 0 0 0
20061010 18:26:42 2 0 9 0 5 15 0 69 31 19639 9818 0 127 0 0 0 0 15660 51694 1071 354295 0 0 0 0 0 0 0 0 0 0 0 0 0 0
20061010 18:26:43 2 0 9 0 5 15 0 69 31 20171 10036 0 127 1 0 0 0 16227 52345 1109 358636 0 0 0 0 0 0 0 0 0 0 0 0 0 0
20061010 18:26:44 3 0 10 0 5 16 0 67 33 20559 10047 0 127 1 0 0 0 16498 52396 1128 359307 0 0 0 0 0 0 0 0 0 0 0 0 0 0
20061010 18:26:45 3 0 9 0 4 16 0 68 32 20658 10030 0 127 0 0 0 0 16728 52443 1144 359264 0 1 0 0 0 0 0 0 0 0 0 0 0 0
20061010 18:26:46 3 0 9 0 5 16 0 67 33 20296 10071 0 127 0 0 0 0 16358 52598 1118 360254 0 0 0 0 0 0 0 0 0 0 0 0 0 0
20061010 18:26:47 3 0 9 0 5 15 0 69 31 20112 10338 0 127 0 0 0 0 16028 52278 1096 358181 0 0 0 0 0 0 0 0 0 0 0 0 0 0
20061010 18:26:48 3 0 9 0 4 15 0 70 30 20314 10074 0 127 0 0 0 0 16180 52668 1106 360699 0 0 0 0 0 0 0 0 0 0 0 0 0 0
20061010 18:26:49 3 0 8 0 4 13 0 72 28 17240 8624 0 126 0 0 0 0 13050 45820 892 313444 0 0 0 0 0 0 0 0 0 0 0 0 0 0
20061010 18:26:50 0 0 1 0 0 2 0 96 4 4116 1371 0 125 0 0 0 0 1330 7408 91 50201 0 0 0 0 0 0 0 0 0 0 0 0 0 0
20061010 18:26:51 0 0 0 0 0 0 0 100 0 2051 21 0 125 0 0 0 0 2 1 0 0 0 0 0 0 0 0 0 0 0 0 0 0 0 0
20061010 18:26:52 0 0 0 0 0 0 0 100 0 2074 49 0 125 0 0 0 0 1 2 0 0 0 0 0 0 0 0 0 0 0 0 0 0 0 0
20061010 18:26:53 0 0 0 0 0 0 0 100 0 2050 27 0 125 0 0 0 0 1 1 0 0 0 0 0 0 0 0 0 0 0 0 0 0 0 0
20061010 18:26:54 0 0 0 0 0 0 0 100 0 2074 46 0 125 0 0 0 0 1 1 0 0 0 0 0 0 0 0 0 0 0 0 0 0 0 0
20061010 18:26:55 2 0 2 0 0 3 0 93 7 4789 1773 3 126 0 0 0 0 1905 9714 131 64271 0 0 0 0 0 0 0 0 0 0 0 0 0 0
20061010 18:26:56 4 0 8 0 3 11 0 74 26 15593 7926 3 127 1 0 0 0 10971 41979 751 285371 0 0 0 0 0 0 0 0 0 0 0 0 0 0
20061010 18:26:57 4 0 11 0 6 19 0 61 39 22263 11177 3 128 1 0 0 0 28450 55279 1945 379939 0 0 0 0 0 0 0 0 0 0 0 0 0 0
20061010 18:26:58 2 0 10 0 6 23 0 59 41 23917 11690 0 128 1 0 0 0 35429 56101 2422 388523 0 0 0 0 0 0 0 0 0 0 0 0 0 0
20061010 18:26:59 3 0 11 0 6 21 0 59 41 25122 11689 0 128 1 0 0 0 34820 56363 2380 390358 0 0 0 0 0 0 0 0 0 0 0 0 0 0
20061010 18:27:00 2 0 10 0 6 21 0 61 39 23410 11299 0 128 2 0 0 0 34761 56396 2376 388251 0 0 0 0 0 0 2 2 0 56 56 0 12 12
20061010 18:27:01 3 0 10 0 6 21 0 61 39 24287 11415 0 128 2 0 0 0 36116 55968 2469 388779 0 0 0 0 0 0 0 0 0 0 0 0 0 0
20061010 18:27:02 3 0 10 0 6 21 0 60 40 24707 11342 0 128 2 0 0 0 34606 56678 2366 391614 0 0 0 0 0 0 0 0 0 0 0 0 0 0
20061010 18:27:03 3 0 11 0 6 21 0 59 41 25074 11947 0 128 2 0 0 0 32913 56201 2250 388207 0 0 0 0 0 0 0 0 0 0 0 0 0 0
20061010 18:27:04 3 0 10 0 6 21 0 59 41 25179 11349 0 128 2 0 0 0 34778 56295 2377 389900 0 0 0 0 0 0 11 11 0 48 48 0 1 1
20061010 18:27:05 3 0 11 0 6 23 0 57 43 25349 11985 0 128 2 0 0 0 35986 56159 2460 389640 0 0 0 0 0 0 0 0 0 0 0 0 0 0
20061010 18:27:06 3 0 10 0 7 22 0 58 42 25357 11418 0 128 1 0 0 0 34859 56354 2383 389849 0 0 0 0 0 0 0 0 0 0 0 0 0 0
20061010 18:27:07 2 0 11 0 5 22 0 60 40 25260 11631 0 128 2 0 0 0 35238 56238 2409 389852 0 0 0 0 0 0 0 0 0 0 0 0 0 0
20061010 18:27:08 3 0 10 0 5 22 0 60 40 25130 11777 0 128 2 0 0 0 34060 56370 2328 389909 0 0 0 0 0 0 0 0 0 0 0 0 0 0
20061010 18:27:09 3 0 10 0 6 20 0 61 39 25144 11369 0 128 1 0 0 0 34748 56247 2375 389853 0 0 0 0 0 0 0 0 0 0 0 0 0 0
20061010 18:27:10 3 0 10 0 6 21 0 60 40 25295 11446 0 128 1 1 0 0 34795 56268 2379 389930 0 0 0 0 0 0 0 0 0 0 0 0 0 0
20061010 18:27:11 3 0 10 0 6 22 0 59 41 25263 11363 0 128 2 1 0 0 35018 56261 2394 389848 0 0 0 0 0 0 0 0 0 0 0 0 0 0
20061010 18:27:12 2 0 10 0 6 22 0 59 41 25336 11441 0 128 1 1 0 0 35656 56163 2437 389732 0 0 0 0 0 0 0 0 0 0 0 0 0 0
20061010 18:27:13 3 0 10 0 6 21 0 60 40 25077 11721 0 128 0 1 0 0 35135 56503 2402 391314 0 1 0 0 0 0 0 0 0 0 0 0 0 0
20061010 18:27:14 3 0 10 0 5 22 0 60 40 24886 11441 0 128 1 1 0 0 33162 56128 2267 388396 0 0 0 0 0 0 0 0 0 0 0 0 0 0
20061010 18:27:15 3 0 10 0 6 22 0 58 42 24920 11967 0 128 2 1 0 0 35262 56275 2411 390069 0 0 0 0 0 0 0 0 0 0 0 0 0 0
20061010 18:27:16 3 0 11 0 6 21 0 59 41 24903 11691 0 128 1 1 0 0 34816 56081 2380 388765 0 0 0 0 0 0 0 0 0 0 0 0 0 0
20061010 18:27:17 3 0 11 0 5 21 0 60 40 24665 11668 0 128 0 1 0 0 34921 56216 2387 389892 0 0 0 0 0 0 0 0 0 0 0 0 0 0
20061010 18:27:18 3 0 9 0 6 21 0 60 40 24600 11380 0 128 1 1 0 0 35842 56212 2450 390526 0 0 0 0 0 0 0 0 0 0 0 0 0 0
20061010 18:27:19 2 0 10 0 6 22 0 60 40 23928 11532 0 128 1 1 0 0 35390 56140 2419 390280 0 0 0 0 0 0 0 0 0 0 0 0 0 0
20061010 18:27:20 3 0 11 0 5 21 0 60 40 23719 11700 0 128 0 1 0 0 35843 56136 2450 389643 0 0 0 0 0 0 0 0 0 0 0 0 0 0
20061010 18:27:21 3 0 9 0 6 22 0 60 40 24642 11783 0 128 1 1 0 0 37492 55791 2563 389133 0 0 0 0 0 0 0 0 0 0 0 0 0 0
20061010 18:27:22 2 0 11 0 7 21 0 59 41 23824 11572 0 128 1 1 0 0 36352 56117 2485 389013 0 0 0 0 0 0 0 0 0 0 0 0 0 0
20061010 18:27:23 3 0 10 0 6 20 0 61 39 23796 11406 0 128 2 1 0 0 34888 56480 2385 390098 0 0 0 0 0 0 0 0 0 0 0 0 0 0
20061010 18:27:24 3 0 10 0 6 22 0 59 41 24301 11472 0 128 2 1 0 0 36435 55978 2491 389090 0 0 0 0 0 0 0 0 0 0 0 0 0 0
20061010 18:27:25 3 0 10 0 5 20 0 61 39 22978 11577 0 127 0 1 0 0 30687 54043 2098 374819 0 0 0 0 0 0 0 0 0 0 0 0 0 0
20061010 18:27:26 2 0 7 0 3 12 0 75 25 14832 7806 0 126 0 1 0 0 10303 39871 705 271757 0 0 0 0 0 0 0 0 0 0 0 0 0 0
20061010 18:27:27 1 0 1 0 1 2 0 96 4 4518 1602 0 125 0 1 0 0 1682 8770 115 59368 0 0 0 0 0 0 0 0 0 0 0 0 0 0
20061010 18:27:28 0 0 0 0 0 0 0 100 0 2075 50 0 125 0 1 0 0 2 2 0 0 0 0 0 0 0 0 0 0 0 0 0 0 0 0
20061010 18:27:29 0 0 0 0 0 0 0 100 0 2050 28 0 125 0 1 0 0 1 1 0 0 0 0 0 0 0 0 0 0 0 0 0 0 0 0
20061010 18:27:30 0 0 0 0 0 0 0 100 0 2074 45 0 125 0 1 0 0 1 1 0 0 0 0 0 0 0 0 0 0 0 0 0 0 0 0
20061010 18:27:31 0 0 0 0 0 0 0 100 0 2050 25 0 125 0 1 0 0 1 1 0 0 0 0 0 0 0 0 0 0 0 0 0 0 0 0
20061010 18:27:32 0 0 0 0 0 0 0 100 0 2074 48 0 125 0 1 0 0 1 1 0 0 0 0 0 0 0 0 0 0 0 0 0 0 0 0
20061010 18:27:33 0 0 0 0 0 0 0 100 0 2050 21 0 125 0 1 0 0 1 1 0 0 0 0 0 0 0 0 0 0 0 0 0 0 0 0
20061010 18:27:34 0 0 0 0 0 0 0 100 0 2074 53 0 125 0 1 0 0 1 1 0 0 0 0 0 0 0 0 0 0 0 0 0 0 0 0
20061010 18:27:35 0 0 0 0 0 0 0 100 0 2050 23 0 125 0 0 0 0 1 1 0 0 0 0 0 0 0 0 0 0 0 0 0 0 0 0
20061010 18:27:36 2 0 2 0 1 3 0 91 9 5628 2338 3 126 0 0 0 0 2573 12971 176 86810 0 0 0 0 0 0 0 0 0 0 0 0 0 0
20061010 18:27:37 5 0 8 0 4 15 0 68 32 17783 9168 6 128 1 0 0 0 16321 47417 1117 322710 0 0 0 0 0 0 0 0 0 0 0 0 0 0
20061010 18:27:38 4 0 10 0 7 21 0 58 42 24031 11648 0 128 2 0 0 0 36245 55900 2478 387789 0 0 0 0 0 0 0 0 0 0 0 0 0 0
20061010 18:27:39 3 0 11 0 6 21 0 60 40 24841 11782 0 128 1 0 0 0 35953 56280 2458 390172 0 0 0 0 0 0 0 0 0 0 0 0 0 0
20061010 18:27:40 3 0 11 0 6 21 0 59 41 25287 11797 0 128 1 1 0 0 37648 55864 2574 389004 0 0 0 0 0 0 0 0 0 0 0 0 0 0
20061010 18:27:41 3 0 11 0 6 22 0 58 42 25083 11800 0 128 1 1 0 0 36549 56160 2498 389483 0 0 0 0 0 0 2 2 0 56 56 0 12 12
20061010 18:27:42 2 0 11 0 6 20 0 60 40 23282 11637 0 128 1 1 0 0 34477 56597 2357 389952 0 0 0 0 0 0 0 0 0 0 0 0 0 0
20061010 18:27:43 4 0 10 0 7 21 0 58 42 24831 11608 0 128 3 1 0 0 36491 56170 2495 389853 0 0 0 0 0 0 0 0 0 0 0 0 0 0
20061010 18:27:44 3 0 10 0 6 21 0 59 41 25243 11472 0 128 0 1 0 0 35575 56266 2432 390689 0 0 0 0 0 0 0 0 0 0 0 0 0 0
20061010 18:27:45 3 0 10 0 7 20 0 59 41 25173 11378 0 128 1 1 0 0 34795 56074 2379 388146 0 1 0 0 0 0 0 0 0 0 0 0 0 0
20061010 18:27:46 2 0 11 0 7 20 0 59 41 25103 11909 0 128 1 1 0 0 36193 56015 2474 389207 0 0 0 0 0 0 0 0 0 0 0 0 0 0
20061010 18:27:47 3 0 11 0 6 22 0 58 42 23604 11811 0 128 0 1 0 0 34723 56626 2374 390968 0 0 0 0 0 0 0 0 0 0 0 0 0 0
20061010 18:27:48 4 0 10 0 7 22 0 57 43 25738 11386 3 129 1 1 0 0 38701 56919 2646 389327 0 0 0 0 0 0 0 0 0 0 0 0 0 0
20061010 18:27:49 3 0 12 0 6 24 0 55 45 25511 11935 0 129 1 1 0 0 38817 56540 2654 387381 0 0 0 0 0 0 0 0 0 0 0 0 0 0
20061010 18:27:50 3 0 9 0 6 24 0 57 43 25272 11707 0 129 1 1 0 0 44394 56558 3035 389129 0 0 0 0 0 0 0 0 0 0 0 0 0 0
20061010 18:27:51 3 0 10 0 7 24 0 56 44 25464 11528 0 129 1 1 0 0 42158 56793 2882 388749 0 0 0 0 0 0 0 0 0 0 0 0 0 0
20061010 18:27:52 2 0 10 0 6 26 0 56 44 25549 11532 0 129 0 1 0 0 43889 56653 3000 388708 0 0 0 0 0 0 0 0 0 0 0 0 0 0
20061010 18:27:53 3 0 9 0 8 24 0 55 44 25515 11806 0 129 1 1 0 0 45253 56077 3093 386208 0 0 0 0 0 0 2 2 0 56 56 0 12 12
20061010 18:27:54 3 0 10 0 7 25 0 56 44 25564 11816 0 129 2 1 0 0 43506 56551 2974 388538 0 0 0 0 0 0 0 0 0 0 0 0 0 0
20061010 18:27:55 3 0 10 0 8 23 0 56 44 25344 11353 0 129 2 0 0 0 43257 56818 2957 388704 0 0 0 0 0 0 0 0 0 0 0 0 0 0
20061010 18:27:56 2 0 11 0 7 23 0 57 43 25202 11181 0 129 0 0 0 0 41360 56704 2827 388805 0 0 0 0 0 0 0 0 0 0 0 0 0 0
20061010 18:27:57 3 0 11 0 6 23 0 58 42 24473 11671 0 129 0 0 0 0 42942 56994 2935 391489 0 0 0 0 0 0 0 0 0 0 0 0 0 0
20061010 18:27:58 3 0 11 0 6 25 0 55 45 24713 11862 0 129 2 0 0 0 44080 56164 3013 387198 0 0 0 0 0 0 0 0 0 0 0 0 0 0
20061010 18:27:59 3 0 10 0 7 23 0 57 43 24980 11552 0 129 1 0 0 0 41236 56665 2819 388593 0 0 0 0 0 0 0 0 0 0 0 0 0 0
20061010 18:28:00 3 0 10 0 7 24 0 56 44 25345 11776 0 129 0 0 0 0 42488 56752 2904 389560 0 0 0 0 0 0 0 0 0 0 0 0 0 0
20061010 18:28:01 3 0 12 0 6 23 0 55 45 25256 11669 0 129 0 0 0 0 42516 56685 2906 388653 0 0 0 0 0 0 0 0 0 0 0 0 0 0
20061010 18:28:02 3 0 12 0 6 22 0 56 44 25476 11655 0 129 2 0 0 0 39732 56991 2716 389056 0 0 0 0 0 0 0 0 0 0 0 0 0 0
20061010 18:28:03 3 0 11 0 6 24 0 56 44 25532 11533 0 129 0 0 0 0 43558 56712 2978 389268 0 0 0 0 0 0 0 0 0 0 0 0 0 0
20061010 18:28:04 3 0 12 0 6 23 0 56 44 26103 11461 0 129 1 0 0 0 38733 56488 2648 386403 0 0 0 0 0 0 0 0 0 0 0 0 0 0
20061010 18:28:05 3 0 11 0 7 23 0 56 44 26076 11994 0 129 2 1 0 0 42332 56608 2894 388499 0 0 0 0 0 0 0 0 0 0 0 0 0 0
20061010 18:28:06 3 0 11 0 6 24 0 56 44 25575 11708 0 128 0 1 0 0 41354 56462 2827 389732 0 0 0 0 0 0 0 0 0 0 0 0 0 0
20061010 18:28:07 3 0 10 0 4 15 0 68 32 18809 9718 0 126 0 1 0 0 17614 48724 1205 333726 0 0 0 0 0 0 0 0 0 0 0 0 0 0
20061010 18:28:08 1 0 5 0 2 8 0 84 16 9840 5288 0 126 0 1 0 0 5869 29743 401 201278 0 0 0 0 0 0 0 0 0 0 0 0 0 0
20061010 18:28:09 1 0 5 0 1 8 0 85 15 9777 5248 0 126 0 1 0 0 5481 29666 375 200861 0 0 0 0 0 0 0 0 0 0 0 0 0 0
20061010 18:28:10 1 0 5 0 2 8 0 84 16 9841 5262 0 126 0 1 0 0 5745 29600 393 200328 0 0 0 0 0 0 0 0 0 0 0 0 0 0
20061010 18:28:11 2 0 5 0 2 7 0 84 16 9868 5284 0 126 0 1 0 0 5722 29595 391 200173 0 0 0 0 0 0 0 0 0 0 0 0 0 0
20061010 18:28:12 1 0 5 0 2 7 0 85 15 9797 5256 0 126 0 1 0 0 5482 29636 375 200733 0 0 0 0 0 0 0 0 0 0 0 0 0 0
20061010 18:28:13 1 0 6 0 2 7 0 85 15 9842 5341 0 126 0 1 0 0 5518 29816 377 201658 0 1 0 0 0 0 0 0 0 0 0 0 0 0
20061010 18:28:14 1 0 4 0 3 8 0 84 16 9799 5297 0 126 0 1 0 0 5526 29730 378 201175 0 0 0 0 0 0 11 11 0 48 48 0 1 1
20061010 18:28:15 1 0 5 0 2 6 0 86 14 9727 5225 0 126 0 1 0 0 5233 29613 358 200399 0 0 0 0 0 0 0 0 0 0 0 0 0 0
20061010 18:28:16 1 0 5 0 2 8 0 84 16 9884 5340 0 126 0 1 0 0 5762 29750 394 201294 0 0 0 0 0 0 0 0 0 0 0 0 0 0
20061010 18:28:17 1 0 5 0 2 7 0 85 15 9782 5204 0 126 0 1 0 0 5397 29407 369 199280 0 0 0 0 0 0 0 0 0 0 0 0 0 0
20061010 18:28:18 1 0 2 0 1 2 0 94 6 5019 2061 0 125 0 1 0 0 1969 11212 135 75973 0 0 0 0 0 0 0 0 0 0 0 0 0 0
20061010 18:28:19 0 0 0 0 0 0 0 100 0 2053 30 0 125 0 1 0 0 2 2 0 0 0 0 0 0 0 0 0 0 0 0 0 0 0 0
20061010 18:28:20 0 0 0 0 0 0 0 100 0 2074 46 0 125 0 1 0 0 1 1 0 0 0 0 0 0 0 0 0 0 0 0 0 0 0 0
20061010 18:28:21 0 0 0 0 0 0 0 100 0 2050 24 0 125 0 1 0 0 1 1 0 0 0 0 0 0 0 0 0 0 0 0 0 0 0 0
20061010 18:28:22 0 0 0 0 0 0 0 100 0 2074 50 0 125 0 1 0 0 1 1 0 0 0 0 0 0 0 0 0 0 0 0 0 0 0 0
20061010 18:28:23 0 0 0 0 0 0 0 100 0 2050 26 0 125 0 1 0 0 1 1 0 0 0 0 0 0 0 0 0 0 0 0 0 0 0 0
20061010 18:28:24 0 0 0 0 0 0 0 100 0 2074 50 0 125 0 1 0 0 1 1 0 0 0 0 0 0 0 0 0 0 0 0 0 0 0 0
20061010 18:28:25 0 0 0 0 0 0 0 100 0 2050 26 0 125 0 1 0 0 1 1 0 0 0 0 0 0 0 0 0 0 0 0 0 0 0 0
20061010 18:28:26 0 0 0 0 0 0 0 100 0 2074 52 0 125 0 1 0 0 1 1 0 0 0 0 0 0 0 0 0 0 0 0 0 0 0 0
20061010 18:28:27 0 0 0 0 0 0 0 100 0 2050 26 0 125 0 1 0 0 1 1 0 0 0 0 0 0 0 0 0 0 0 0 0 0 0 0
20061010 18:28:28 0 0 0 0 0 0 0 100 0 2074 52 0 125 0 1 0 0 1 1 0 0 0 0 0 0 0 0 0 0 0 0 0 0 0 0
20061010 18:28:29 1 0 0 0 0 0 0 98 2 2263 170 3 126 1 1 0 0 214 696 15 3137 0 0 0 0 0 0 0 0 0 0 0 0 0 0
20061010 18:28:30 3 0 7 0 3 10 0 77 23 14174 7134 3 127 1 1 0 0 9640 38218 660 259491 0 0 0 0 0 0 0 0 0 0 0 0 0 0
20061010 18:28:31 4 0 10 0 6 20 0 61 39 21941 11016 3 128 1 1 0 0 27311 54660 1868 376358 0 0 0 0 0 0 0 0 0 0 0 0 0 0
20061010 18:28:32 4 0 12 0 7 25 0 53 47 26495 12269 3 129 1 1 0 0 43197 56757 2953 387535 0 0 0 0 0 0 0 0 0 0 0 0 0 0
20061010 18:28:33 3 0 11 0 6 25 0 55 45 25501 11722 0 129 2 1 0 0 44451 56323 3039 387314 0 0 0 0 0 0 0 0 0 0 0 0 0 0
20061010 18:28:34 4 0 11 0 6 24 0 56 44 25793 11745 0 129 2 1 0 0 40908 56647 2796 388760 0 0 0 0 0 0 2 2 0 56 56 0 12 12
20061010 18:28:35 3 0 11 0 6 24 0 56 44 25451 11508 0 129 2 1 0 0 41697 56841 2850 388708 0 0 0 0 0 0 0 0 0 0 0 0 0 0
20061010 18:28:36 3 0 11 0 7 22 0 57 43 25407 11099 0 129 1 1 0 0 41366 56903 2828 388797 0 0 0 0 0 0 0 0 0 0 0 0 0 0
20061010 18:28:37 5 0 12 0 6 23 0 54 46 25338 11934 2 131 1 1 0 0 40998 56669 2804 388702 0 0 0 0 0 0 0 0 0 0 0 0 0 0
20061010 18:28:38 3 0 11 0 6 25 0 55 45 25400 11830 0 131 0 1 0 0 44140 56705 3017 389172 0 0 0 0 0 0 0 0 0 0 0 0 0 0
20061010 18:28:39 4 0 13 0 6 24 0 52 48 25513 11946 37 133 3 1 0 0 42434 56203 2901 386386 0 0 0 0 0 0 9 9 0 52 52 0 4 4
20061010 18:28:40 3 0 10 0 6 25 0 56 44 25569 11940 0 131 0 1 0 0 42527 56795 2907 389947 0 0 0 0 0 0 0 0 0 0 0 0 0 0
20061010 18:28:41 3 0 10 0 6 24 0 57 43 25189 12083 0 131 1 1 0 0 44380 56612 3034 389570 0 0 0 0 0 0 0 0 0 0 0 0 0 0
20061010 18:28:42 3 0 11 0 6 24 0 56 43 25404 11690 0 131 0 1 0 0 40326 56910 2757 389353 0 0 0 0 0 0 2 2 0 160 160 0 38 38
20061010 18:28:43 3 0 11 0 6 24 0 56 44 24999 11930 0 131 3 1 0 0 44338 56322 3031 386983 0 0 0 0 0 0 0 0 0 0 0 0 0 0
20061010 18:28:44 3 0 12 0 5 23 0 57 43 24467 11629 0 131 2 1 0 0 40742 56769 2785 388724 0 0 0 0 0 0 0 0 0 0 0 0 0 0
20061010 18:28:45 5 0 11 0 7 24 0 53 47 27270 11625 3 132 0 1 0 0 44312 56439 3030 390766 0 1 0 0 0 0 0 0 0 0 0 0 0 0
20061010 18:28:46 3 0 11 0 7 24 0 54 46 27430 12019 0 132 1 1 0 0 42854 55209 2929 385013 0 0 0 0 0 0 0 0 0 0 0 0 0 0
20061010 18:28:47 3 0 11 0 7 25 0 55 45 27311 11982 0 132 1 1 0 0 44285 55785 3027 388336 0 0 0 0 0 0 0 0 0 0 0 0 0 0
20061010 18:28:48 3 0 12 0 7 24 0 53 47 27017 12352 0 132 2 1 0 0 44277 55829 3027 388481 0 0 0 0 0 0 0 0 0 0 0 0 0 0
20061010 18:28:49 3 0 10 0 7 24 0 56 44 27208 11978 0 132 2 1 0 0 43772 55785 2992 388424 0 0 0 0 0 0 0 0 0 0 0 0 0 0
20061010 18:28:50 3 0 11 0 6 25 0 55 45 27251 12292 0 132 1 1 0 0 44058 55800 3012 388392 0 0 0 0 0 0 2 2 0 56 56 0 12 12
20061010 18:28:51 3 0 10 0 7 25 0 55 45 27067 11514 0 132 2 1 0 0 43505 55797 2974 388526 0 0 0 0 0 0 0 0 0 0 0 0 0 0
20061010 18:28:52 3 0 10 0 7 25 0 56 44 27034 11958 0 132 0 1 0 0 44104 56093 3015 390609 0 0 0 0 0 0 0 0 0 0 0 0 0 0
20061010 18:28:53 4 0 11 0 7 24 0 54 46 26901 12125 0 132 2 1 0 0 42796 55816 2926 388266 0 0 0 0 0 0 0 0 0 0 0 0 0 0
20061010 18:28:54 3 0 11 0 6 24 0 55 45 27070 11689 0 132 0 1 0 0 43195 55779 2953 388333 0 0 0 0 0 0 0 0 0 0 0 0 0 0
20061010 18:28:55 3 0 10 0 7 25 0 55 45 26652 12272 0 132 2 1 0 0 42950 55577 2936 387118 0 0 0 0 0 0 0 0 0 0 0 0 0 0
20061010 18:28:56 4 0 11 0 7 22 0 56 44 27003 11972 0 132 1 1 0 0 43175 55754 2951 388553 0 0 0 0 0 0 0 0 0 0 0 0 0 0
20061010 18:28:57 3 0 11 0 6 23 0 57 43 27065 11028 0 132 1 1 0 0 42859 55945 2930 388669 0 0 0 0 0 0 0 0 0 0 0 0 0 0
20061010 18:28:58 3 0 11 0 7 25 0 55 45 26258 12489 0 132 3 1 0 0 43423 55931 2968 388680 0 0 0 0 0 0 0 0 0 0 0 0 0 0
20061010 18:28:59 3 0 11 0 7 24 0 55 45 26460 12071 0 131 0 1 0 0 44161 56012 3019 390046 0 0 0 0 0 0 0 0 0 0 0 0 0 0
20061010 18:29:00 4 0 12 0 7 22 0 56 44 24862 11799 0 130 3 1 0 0 39871 55992 2726 386468 0 0 0 0 0 0 0 0 0 0 0 0 0 0
20061010 18:29:01 3 0 10 0 5 18 0 64 36 21562 10770 0 129 0 1 0 0 22512 53555 1539 368527 0 0 0 0 0 0 0 0 0 0 0 0 0 0
20061010 18:29:02 2 0 7 0 3 10 0 77 23 13955 7353 0 128 0 1 0 0 9268 38052 634 258826 0 0 0 0 0 0 0 0 0 0 0 0 0 0
20061010 18:29:03 1 0 5 0 2 6 0 85 15 10280 5279 0 128 0 1 0 0 5386 29613 368 200222 0 0 0 0 0 0 0 0 0 0 0 0 0 0
20061010 18:29:04 2 0 6 0 2 7 0 84 16 10305 5299 0 128 0 1 0 0 5355 29570 366 200167 0 0 0 0 0 0 0 0 0 0 0 0 0 0
20061010 18:29:05 1 0 4 0 2 8 0 85 15 10191 5261 0 128 0 1 0 0 5262 29753 360 201400 0 0 0 0 0 0 0 0 0 0 0 0 0 0
20061010 18:29:06 2 0 5 0 2 7 0 85 15 10317 5282 0 128 0 1 0 0 5522 29729 378 201074 0 0 0 0 0 0 0 0 0 0 0 0 0 0
20061010 18:29:07 1 0 5 0 1 7 0 84 16 10261 5328 0 128 0 1 0 0 5664 29958 387 202741 0 0 0 0 0 0 0 0 0 0 0 0 0 0
20061010 18:29:08 1 0 6 0 2 7 0 84 16 10293 5266 0 128 0 1 0 0 5537 29506 379 199581 0 0 0 0 0 0 0 0 0 0 0 0 0 0
20061010 18:29:09 1 0 5 0 1 8 0 85 15 10238 5231 0 128 0 1 0 0 5715 29529 391 199676 0 0 0 0 0 0 2 2 0 12 12 0 1 1
20061010 18:29:10 1 0 5 0 2 7 0 84 16 10254 5245 0 128 0 1 0 0 5509 29393 377 198842 0 0 0 0 0 0 0 0 0 0 0 0 0 0
20061010 18:29:11 1 0 6 0 2 8 0 84 16 10229 5345 0 128 0 1 0 0 5755 30003 393 203227 0 0 0 0 0 0 0 0 0 0 0 0 0 0
20061010 18:29:12 1 0 5 0 2 8 0 84 16 10263 5361 0 128 0 1 0 0 5553 29684 380 200841 0 0 0 0 0 0 0 0 0 0 0 0 0 0
20061010 18:29:13 2 0 5 0 2 7 0 85 15 10240 5340 0 128 0 1 0 0 5688 29769 389 201431 0 1 0 0 0 0 0 0 0 0 0 0 0 0
20061010 18:29:14 1 0 6 0 2 8 0 83 17 10251 5369 0 128 0 1 0 0 5577 29829 381 201503 0 0 0 0 0 0 33 33 0 176 176 0 11 11
20061010 18:29:15 1 0 2 0 1 2 0 95 5 4609 1676 0 127 0 1 0 0 1739 9232 119 62361 0 0 0 0 0 0 0 0 0 0 0 0 0 0
20061010 18:29:16 0 0 0 0 0 0 0 100 0 2074 54 0 127 0 1 0 0 1 1 0 0 0 0 0 0 0 0 0 0 0 0 0 0 0 0
20061010 18:29:17 0 0 0 0 0 0 0 100 0 2053 30 0 127 0 1 0 0 3 2 0 0 0 0 0 0 0 0 0 0 0 0 0 0 0 0
20061010 18:29:18 0 0 0 0 0 0 0 100 0 2080 68 0 127 0 1 0 0 5 3 0 0 0 0 0 0 0 0 0 0 0 0 0 0 0 0
20061010 18:29:19 0 0 0 0 0 0 0 100 0 2064 61 0 127 0 1 0 0 11 8 1 1 0 0 0 0 0 0 1 1 0 4 4 0 0 0
20061010 18:29:20 0 0 0 0 0 0 0 100 0 2082 66 0 127 0 1 0 0 7 4 1 1 0 0 0 0 0 0 0 0 0 0 0 0 0 0
20061010 18:29:21 0 0 0 0 0 0 0 100 0 2050 30 0 127 0 1 0 0 1 1 0 0 0 0 0 0 0 0 0 0 0 0 0 0 0 0
20061010 18:29:22 0 0 0 0 0 0 0 100 0 2092 85 1 128 0 1 0 0 15 15 1 2 0 0 0 0 0 0 0 0 0 0 0 0 0 0
20061010 18:29:23 0 0 0 0 0 0 0 100 0 2053 24 0 128 0 1 0 0 3 2 0 0 0 0 0 0 0 0 0 0 0 0 0 0 0 0
20061010 18:29:24 0 0 0 0 0 0 0 100 0 2083 60 0 128 0 1 0 0 7 4 1 1 0 0 0 0 0 0 0 0 0 0 0 0 0 0
20061010 18:29:25 0 0 0 0 0 0 0 100 0 2065 43 0 128 0 0 0 0 12 9 1 1 0 0 0 0 0 0 0 0 0 0 0 0 0 0
20061010 18:29:26 0 0 0 0 0 0 0 100 0 2080 54 0 128 0 0 0 0 5 3 0 0 0 0 0 0 0 0 0 0 0 0 0 0 0 0
20061010 18:29:27 0 0 0 1 0 0 0 98 0 2072 50 0 128 0 0 0 0 13 7 1 1 0 0 0 0 0 0 4 4 0 52 52 0 9 9
20061010 18:29:28 0 0 0 0 0 0 0 100 0 2078 58 0 128 0 0 0 0 4 3 0 0 0 0 0 0 0 0 0 0 0 0 0 0 0 0
20061010 18:29:29 0 0 0 0 0 0 0 100 0 2050 25 0 128 0 0 0 0 1 1 0 0 0 0 0 0 0 0 0 0 0 0 0 0 0 0
20061010 18:29:30 0 0 0 0 0 0 0 100 0 2081 55 0 128 0 0 0 0 6 6 0 1 0 0 0 0 0 0 0 0 0 0 0 0 0 0
20061010 18:29:31 0 0 0 0 0 0 0 100 0 2050 26 0 128 0 0 0 0 1 1 0 0 0 0 0 0 0 0 0 0 0 0 0 0 0 0
20061010 18:29:32 0 0 0 0 0 0 0 100 0 2094 65 0 127 0 0 0 0 16 13 1 1 0 0 0 0 0 0 0 0 0 0 0 0 0 0
20061010 18:29:33 0 0 0 0 0 0 0 100 0 2070 62 1 128 0 0 0 0 16 15 1 2 0 0 0 0 0 0 0 0 0 0 0 0 0 0
20061010 18:29:34 0 0 0 0 0 0 0 100 0 2083 60 0 128 0 0 0 0 7 4 1 1 0 0 0 0 0 0 0 0 0 0 0 0 0 0
20061010 18:29:35 0 0 0 0 0 0 0 100 0 2059 31 0 128 0 0 0 0 8 7 1 1 0 0 0 0 0 0 0 0 0 0 0 0 0 0
20061010 18:29:36 0 0 0 0 0 0 0 100 0 2092 66 0 128 0 0 0 0 13 7 1 1 0 0 0 0 0 0 0 0 0 0 0 0 0 0
20061010 18:29:37 0 0 0 1 0 0 0 99 0 2072 56 0 128 0 0 0 0 13 12 1 1 0 0 0 0 0 1 4 5 4 68 72 0 13 13
20061010 18:29:38 0 0 0 1 0 0 0 99 0 2088 60 0 128 0 0 0 0 9 5 1 1 0 0 0 0 0 0 2 2 0 12 12 0 1 1
20061010 18:29:39 0 0 0 0 0 0 0 100 0 2053 32 0 128 0 0 0 0 3 2 0 0 0 0 0 0 0 0 0 0 0 0 0 0 0 0
20061010 18:29:40 0 0 0 0 0 0 0 100 0 2089 60 0 128 0 0 0 0 11 6 1 1 0 0 0 0 0 0 0 0 0 0 0 0 0 0
20061010 18:29:41 0 0 0 0 0 0 0 100 0 2056 24 0 128 0 0 0 0 5 3 0 0 0 0 0 0 0 0 0 0 0 0 0 0 0 0
20061010 18:29:42 0 0 0 0 0 0 0 100 0 2085 58 0 128 0 0 0 0 9 5 1 1 0 0 0 0 0 0 0 0 0 0 0 0 0 0
20061010 18:29:43 0 0 0 0 0 0 0 100 0 2055 36 0 128 0 0 0 0 5 3 0 0 0 0 0 0 0 0 0 0 0 0 0 0 0 0
20061010 18:29:44 0 0 0 0 0 0 0 100 0 2086 56 0 128 0 0 0 0 9 5 1 1 0 0 0 0 0 0 0 0 0 0 0 0 0 0
20061010 18:29:45 0 0 0 0 0 0 0 100 0 2056 28 0 128 0 0 0 0 5 3 0 0 0 1 0 0 0 0 0 0 0 0 0 0 0 0
20061010 18:29:46 0 0 0 0 0 0 0 100 0 2083 60 0 128 0 0 0 0 7 4 1 1 0 0 0 0 0 0 0 0 0 0 0 0 0 0
20061010 18:29:47 0 0 0 0 0 0 0 100 0 2059 26 0 128 0 0 0 0 7 4 1 1 0 0 0 0 0 0 0 0 0 0 0 0 0 0
20061010 18:29:48 0 0 0 0 0 0 0 100 0 2080 56 0 128 0 0 0 0 5 3 0 0 0 0 0 0 0 0 0 0 0 0 0 0 0 0
20061010 18:29:49 0 0 0 0 0 0 0 100 0 2062 38 0 128 0 0 0 0 9 5 1 1 0 0 0 0 0 0 0 0 0 0 0 0 0 0
20061010 18:29:50 0 0 2 0 1 6 0 91 9 5562 1850 0 128 1 0 0 0 39877 12997 58965 838 0 0 0 0 0 0 0 0 0 0 0 0 0 0
20061010 18:29:51 0 0 8 0 2 22 0 68 32 13440 6905 0 128 1 0 0 0 145479 48366 215137 3117 0 0 0 0 0 0 0 0 0 0 0 0 0 0
20061010 18:29:52 0 0 8 0 3 22 0 67 33 14228 6682 0 128 0 0 0 0 144518 47435 213717 3057 0 0 0 0 0 0 0 0 0 0 0 0 0 0
20061010 18:29:53 0 0 7 0 3 23 0 68 32 13852 6669 0 128 0 0 0 0 143094 47041 211635 3032 0 0 0 0 0 0 0 0 0 0 0 0 0 0
20061010 18:29:54 1 0 7 0 3 23 0 67 33 13539 6860 0 128 0 0 0 0 143993 47788 212942 3080 0 0 0 0 0 0 0 0 0 0 0 0 0 0
20061010 18:29:55 1 0 7 0 2 21 0 69 31 12515 7105 0 128 0 0 0 0 144053 48447 212997 3123 0 0 0 0 0 0 0 0 0 0 0 0 0 0
20061010 18:29:56 1 0 8 0 2 22 0 67 33 15113 6324 1 129 1 0 0 0 142964 46738 211396 3013 0 0 0 0 0 0 0 0 0 0 0 0 0 0
20061010 18:29:57 0 0 8 0 2 22 0 68 32 12879 7024 0 129 0 0 0 0 144728 48574 213984 3131 0 0 0 0 0 0 0 0 0 0 0 0 0 0
20061010 18:29:58 1 0 7 0 2 22 0 68 32 13614 6830 0 129 0 0 0 0 143262 47631 211811 3070 0 0 0 0 0 0 0 0 0 0 0 0 0 0
20061010 18:29:59 0 0 8 0 2 22 0 68 32 13032 6963 0 129 1 0 0 0 143480 47810 212124 3082 0 0 0 0 0 0 3 3 0 12 12 0 0 0
20061010 18:30:00 0 0 8 0 2 22 0 68 32 12890 7066 0 129 1 0 0 0 143902 48274 212756 3112 0 0 0 0 0 0 0 0 0 0 0 0 0 0
20061010 18:30:01 0 0 8 1 2 22 0 66 33 13234 7013 0 129 0 0 0 0 145167 48593 214681 3132 0 0 0 0 0 0 4 4 0 52 52 0 9 9
20061010 18:30:02 1 0 8 2 2 22 0 65 33 13697 6841 3 129 1 0 0 0 142781 47409 211193 3056 0 0 0 0 0 0 10 10 0 52 52 0 3 3
20061010 18:30:03 1 0 9 0 2 21 0 67 33 12893 7021 0 130 1 0 0 0 144388 48376 213521 3118 0 0 0 0 0 0 0 0 0 0 0 0 0 0
20061010 18:30:04 1 0 7 0 2 22 0 69 31 14489 6546 1 130 1 0 0 0 141755 46438 209625 2994 0 0 0 0 0 0 0 0 0 0 0 0 0 0
20061010 18:30:05 1 0 8 0 2 22 0 68 32 14894 6350 0 130 0 1 0 0 143160 46673 211717 3009 0 0 0 0 0 0 0 0 0 0 0 0 0 0
20061010 18:30:06 1 0 7 0 2 23 0 67 33 15491 6146 0 130 0 1 0 0 142236 45772 210366 2951 0 0 0 0 0 0 0 0 0 0 0 0 0 0
20061010 18:30:07 0 0 8 0 2 22 0 67 32 14181 6646 0 130 1 1 0 0 144557 47573 213775 3067 0 0 0 0 0 0 2 2 0 80 80 0 18 18
20061010 18:30:08 0 0 9 0 2 23 0 67 33 13724 6806 0 130 1 1 0 0 143374 47573 212047 3066 0 0 0 0 0 0 0 0 0 0 0 0 0 0
20061010 18:30:09 0 0 8 0 2 21 0 68 32 13812 6764 0 130 0 1 0 0 143430 47421 212140 3057 0 0 0 0 0 0 2 2 0 12 12 0 1 1
20061010 18:30:10 0 0 8 0 2 22 0 67 33 13140 6918 0 130 0 1 0 0 142862 47486 211268 3061 0 0 0 0 0 0 0 0 0 0 0 0 0 0
20061010 18:30:11 1 0 8 0 2 21 0 67 33 14107 6641 1 131 1 1 0 0 143230 47331 211804 3051 0 0 0 0 0 0 0 0 0 0 0 0 0 0
20061010 18:30:12 0 0 8 0 3 22 0 67 33 13423 6871 0 131 0 1 0 0 143397 47814 212066 3082 0 0 0 0 0 0 0 0 0 0 0 0 0 0
20061010 18:30:13 0 0 8 0 2 22 0 67 33 13555 6840 0 131 1 1 0 0 144841 48212 214192 3108 0 1 0 0 0 0 0 0 0 0 0 0 0 0
20061010 18:30:14 0 0 6 0 2 23 0 68 32 14582 6543 0 131 0 1 0 0 143557 47042 212275 3033 0 0 0 0 0 0 0 0 0 0 0 0 0 0
20061010 18:30:15 1 0 8 0 2 22 0 68 32 13779 6781 0 131 0 1 0 0 144441 47936 213642 3090 0 0 0 0 0 0 0 0 0 0 0 0 0 0
20061010 18:30:16 1 0 9 0 3 20 0 67 33 14370 6477 0 131 1 1 0 0 141818 46590 209738 3003 0 0 0 0 0 0 4 4 0 52 52 0 9 9
20061010 18:30:17 1 0 7 0 2 23 0 67 33 13649 6782 0 131 1 1 0 0 143687 47722 212507 3076 0 0 0 0 0 0 0 0 0 0 0 0 0 0
20061010 18:30:18 1 0 8 0 2 22 0 68 32 13818 6750 0 131 1 1 0 0 143098 47379 211614 3054 0 0 0 0 0 0 0 0 0 0 0 0 0 0
20061010 18:30:19 1 0 8 0 2 21 0 68 32 13507 6834 1 132 0 1 0 0 144104 47713 213106 3076 0 0 0 0 0 0 0 0 0 0 0 0 0 0
20061010 18:30:20 1 0 8 0 2 21 0 69 31 14084 6653 0 132 1 1 0 0 143284 46970 211916 3028 0 0 0 0 0 0 0 0 0 0 0 0 0 0
20061010 18:30:21 0 0 7 0 2 21 0 69 31 13621 6768 0 132 1 1 0 0 143723 47810 212531 3082 0 0 0 0 0 0 0 0 0 0 0 0 0 0
20061010 18:30:22 0 0 7 0 3 20 0 70 30 14261 6564 0 132 1 1 0 0 142854 46842 211248 3020 0 0 0 0 0 0 0 0 0 0 0 0 0 0
20061010 18:30:23 0 0 8 0 2 22 0 68 32 14551 6497 0 132 0 1 0 0 143907 47219 212815 3044 0 0 0 0 0 0 0 0 0 0 0 0 0 0
20061010 18:30:24 0 0 9 1 2 22 0 66 33 13296 6929 0 132 0 1 0 0 143317 47914 211970 3089 0 0 0 0 0 0 4 4 0 52 52 0 9 9
20061010 18:30:25 1 0 7 0 3 22 0 67 33 14198 6612 0 132 1 1 0 0 143912 47410 212864 3056 0 0 0 0 0 0 0 0 0 0 0 0 0 0
20061010 18:30:26 1 0 8 0 2 22 0 67 33 15224 6300 0 132 0 1 0 0 143611 46572 212373 3002 0 0 0 0 0 0 0 0 0 0 0 0 0 0
20061010 18:30:27 0 0 8 0 2 21 0 69 31 14744 6381 0 132 1 1 0 0 142229 46381 210336 2990 0 0 0 0 0 0 0 0 0 0 0 0 0 0
20061010 18:30:28 0 0 7 0 3 22 0 68 32 13293 6855 0 132 0 1 0 0 142776 47535 211143 3064 0 0 0 0 0 0 0 0 0 0 0 0 0 0
20061010 18:30:29 1 0 9 0 3 21 0 67 33 13838 6727 0 132 1 1 0 0 143198 47496 211797 3061 0 0 0 0 0 0 0 0 0 0 0 0 0 0
20061010 18:30:30 1 0 7 0 2 21 0 69 31 14312 6606 0 132 1 1 0 0 143809 47562 212687 3066 0 0 0 0 0 0 0 0 0 0 0 0 0 0
20061010 18:30:31 1 0 8 0 3 21 0 68 32 14844 6350 0 132 0 1 0 0 142706 46587 211085 3003 0 0 0 0 0 0 0 0 0 0 0 0 0 0
20061010 18:30:32 0 0 8 0 2 21 0 69 31 13903 6722 0 132 0 1 0 0 142232 47123 210333 3037 0 0 0 0 0 0 0 0 0 0 0 0 0 0
20061010 18:30:33 0 0 7 0 2 23 0 67 33 13855 6624 0 132 1 1 0 0 142707 47280 211048 3047 0 0 0 0 0 0 0 0 0 0 0 0 0 0
20061010 18:30:34 0 0 8 0 2 21 0 69 31 14984 6333 0 132 0 1 0 0 142816 46527 211180 2999 0 0 0 0 0 0 14 14 0 84 84 0 7 7
20061010 18:30:35 0 0 8 0 3 22 0 67 33 14888 6389 0 132 0 1 0 0 142562 46596 210849 3003 0 0 0 0 0 0 0 0 0 0 0 0 0 0
20061010 18:30:36 1 0 7 0 2 22 0 68 32 14638 6452 0 132 1 1 0 0 143215 46715 211821 3011 0 0 0 0 0 0 0 0 0 0 0 0 0 0
20061010 18:30:37 0 0 8 0 2 22 0 68 32 12562 7129 0 132 1 1 0 0 144597 48749 213840 3142 0 0 0 0 0 0 0 0 0 0 0 0 0 0
20061010 18:30:38 0 0 8 0 2 22 0 68 32 13723 6785 0 132 0 1 0 0 143475 47774 212219 3079 0 0 0 0 0 0 2 2 0 12 12 0 1 1
20061010 18:30:39 0 0 7 0 2 22 0 69 31 13614 6762 0 132 1 1 0 0 142924 47459 211389 3059 0 0 0 0 0 0 0 0 0 0 0 0 0 0
20061010 18:30:40 0 0 7 0 2 21 0 69 31 15634 6115 0 132 0 1 0 0 142787 46098 211187 2971 0 0 0 0 0 0 0 0 0 0 0 0 0 0
20061010 18:30:41 0 0 9 0 2 22 0 68 32 14085 6670 0 132 0 1 0 0 144236 47599 213317 3068 0 0 0 0 0 0 0 0 0 0 0 0 0 0
20061010 18:30:42 0 0 5 0 1 12 0 82 18 8752 3640 0 132 0 1 0 0 78043 25683 115417 1656 0 0 0 0 0 0 0 0 0 0 0 0 0 0
20061010 18:30:43 0 0 0 0 0 0 0 100 0 2050 24 0 132 0 1 0 0 1 14 0 1 0 0 0 0 0 0 0 0 0 0 0 0 0 0
20061010 18:30:44 0 0 0 0 0 0 0 100 0 2073 54 0 132 0 1 0 0 1 0 0 0 0 0 0 0 0 0 0 0 0 0 0 0 0 0
20061010 18:30:45 0 0 0 0 0 0 0 100 0 2050 24 0 132 0 1 0 0 1 2 0 0 0 1 0 0 0 0 0 0 0 0 0 0 0 0
20061010 18:30:46 0 0 0 0 0 0 0 100 0 2074 48 0 132 0 1 0 0 1 1 0 0 0 0 0 0 0 0 0 0 0 0 0 0 0 0
20061010 18:30:47 0 0 0 0 0 0 0 100 0 2050 26 0 132 0 1 0 0 1 1 0 0 0 0 0 0 0 0 0 0 0 0 0 0 0 0
20061010 18:30:48 0 0 0 0 0 0 0 100 0 2074 52 0 132 0 1 0 0 1 1 0 0 0 0 0 0 0 0 0 0 0 0 0 0 0 0
20061010 18:30:49 0 0 0 0 0 0 0 100 0 2051 24 0 132 0 1 0 0 2 2 0 0 0 0 0 0 0 0 0 0 0 0 0 0 0 0
20061010 18:30:50 0 0 0 0 0 0 0 100 0 2074 48 0 132 0 1 0 0 1 1 0 0 0 0 0 0 0 0 0 0 0 0 0 0 0 0
20061010 18:30:51 0 0 0 0 0 0 0 100 0 2050 26 0 132 0 1 0 0 1 1 0 0 0 0 0 0 0 0 0 0 0 0 0 0 0 0
20061010 18:30:52 0 0 0 0 0 0 0 100 0 2074 44 0 132 0 1 0 0 1 1 0 0 0 0 0 0 0 0 0 0 0 0 0 0 0 0
20061010 18:30:53 0 0 0 0 0 0 0 100 0 2050 28 0 132 0 1 0 0 1 1 0 0 0 0 0 0 0 0 0 0 0 0 0 0 0 0
20061010 18:30:54 0 0 6 0 2 13 0 79 21 9154 4079 0 132 0 1 0 0 87029 28626 128723 1846 0 0 0 0 0 0 0 0 0 0 0 0 0 0
20061010 18:30:55 1 0 15 0 4 46 0 34 66 11231 18742 0 132 1 1 0 0 233656 76950 345647 4960 0 0 0 0 0 0 0 0 0 0 0 0 0 0
20061010 18:30:56 1 0 14 0 4 44 0 37 63 10966 18081 0 132 0 1 0 0 233237 77717 345157 5009 0 0 0 0 0 0 0 0 0 0 0 0 0 0
20061010 18:30:57 1 0 15 0 4 47 0 33 67 10892 18805 0 132 1 1 0 0 233038 77819 344902 5016 0 0 0 0 0 0 0 0 0 0 0 0 0 0
20061010 18:30:58 1 0 15 0 4 47 0 34 66 10888 18877 0 132 1 1 0 0 234649 77988 347272 5027 0 0 0 0 0 0 0 0 0 0 0 0 0 0
20061010 18:30:59 0 0 14 0 3 47 0 35 65 10882 18699 0 132 2 1 0 0 233462 77663 345524 5006 0 0 0 0 0 0 0 0 0 0 0 0 0 0
20061010 18:31:00 1 0 14 0 4 45 0 36 64 10865 18571 0 132 1 1 0 0 232357 77177 343895 4974 0 0 0 0 0 0 0 0 0 0 0 0 0 0
20061010 18:31:01 0 0 15 0 4 46 0 36 64 10834 18615 0 132 2 1 0 0 233100 77336 345049 4985 0 0 0 0 0 0 0 0 0 0 0 0 0 0
20061010 18:31:02 1 0 15 0 4 45 0 36 64 10849 18213 0 132 2 1 0 0 232532 77481 344116 4994 0 0 0 0 0 0 0 0 0 0 0 0 0 0
20061010 18:31:03 1 0 13 0 4 45 0 38 62 10811 18475 0 132 2 1 0 0 232791 77129 344545 4971 0 0 0 0 0 0 0 0 0 0 0 0 0 0
20061010 18:31:04 1 0 16 0 4 45 0 34 66 10886 18671 0 132 2 1 0 0 233558 77670 345637 5006 0 0 0 0 0 0 0 0 0 0 0 0 0 0
20061010 18:31:05 0 0 15 0 3 46 0 35 65 10850 18617 0 132 2 1 0 0 232847 77436 344586 4991 0 0 0 0 0 0 0 0 0 0 0 0 0 0
20061010 18:31:06 1 0 14 0 4 43 0 38 62 10839 18138 0 132 1 1 0 0 231039 76793 341944 4950 0 0 0 0 0 0 0 0 0 0 0 0 0 0
20061010 18:31:07 1 0 13 0 4 46 0 36 64 10831 18735 0 132 1 1 0 0 233216 77604 345127 5002 0 0 0 0 0 0 0 0 0 0 0 0 0 0
20061010 18:31:08 1 0 13 0 4 44 0 38 62 10833 17669 0 132 2 1 0 0 231084 77018 341862 4964 0 0 0 0 0 0 0 0 0 0 0 0 0 0
20061010 18:31:09 1 0 13 0 3 46 0 37 63 10865 17965 0 132 2 1 0 0 232059 77491 343312 4995 0 0 0 0 0 0 1 1 0 4 4 0 0 0
20061010 18:31:10 1 0 13 0 4 47 0 36 64 10860 18643 0 132 1 1 0 0 232906 77491 344629 4995 0 0 0 0 0 0 0 0 0 0 0 0 0 0
20061010 18:31:11 1 0 14 0 3 45 0 36 64 10862 18370 0 132 2 1 0 0 232768 77825 344420 5016 0 0 0 0 0 0 0 0 0 0 0 0 0 0
20061010 18:31:12 0 0 15 0 3 45 0 37 63 10848 18708 0 132 2 1 0 0 232497 77097 343903 4969 0 0 0 0 0 0 0 0 0 0 0 0 0 0
20061010 18:31:13 1 0 14 0 4 45 0 37 63 10834 18066 0 132 2 1 0 0 231631 77176 342635 4974 0 1 0 0 0 0 0 0 0 0 0 0 0 0
20061010 18:31:14 1 0 15 0 3 45 0 36 64 10883 18269 0 132 2 1 0 0 232719 77647 344334 5005 0 0 0 0 0 0 0 0 0 0 0 0 0 0
20061010 18:31:15 1 0 14 0 4 44 0 38 62 10817 18459 0 132 2 1 0 0 232276 77195 343667 4976 0 0 0 0 0 0 0 0 0 0 0 0 0 0
20061010 18:31:16 1 0 15 0 3 44 0 37 63 10829 17832 0 132 1 1 0 0 230722 76861 341341 4954 0 0 0 0 0 0 0 0 0 0 0 0 0 0
20061010 18:31:17 1 0 14 0 3 43 0 39 61 10823 17688 0 132 1 1 0 0 230861 76888 341565 4956 0 0 0 0 0 0 0 0 0 0 0 0 0 0
20061010 18:31:18 1 0 15 0 4 42 0 38 62 10904 17907 0 132 1 1 0 0 231042 76874 341857 4955 0 0 0 0 0 0 0 0 0 0 0 0 0 0
20061010 18:31:19 1 0 14 0 3 45 0 38 62 10794 18206 0 132 1 1 0 0 231530 77090 342551 4969 0 0 0 0 0 0 0 0 0 0 0 0 0 0
20061010 18:31:20 1 0 14 0 3 46 0 37 63 10850 18195 0 132 2 1 0 0 231794 77156 342944 4973 0 0 0 0 0 0 0 0 0 0 0 0 0 0
20061010 18:31:21 1 0 14 0 4 45 0 36 64 10878 18385 0 132 2 1 0 0 232065 77166 343342 4974 0 0 0 0 0 0 0 0 0 0 0 0 0 0
20061010 18:31:22 1 0 14 0 3 45 0 37 63 10910 18187 0 132 2 1 0 0 232993 77752 344743 5012 0 0 0 0 0 0 0 0 0 0 0 0 0 0
20061010 18:31:23 1 0 15 0 4 45 0 35 65 10853 18588 0 132 1 1 0 0 232494 77046 343955 4966 0 0 0 0 0 0 0 0 0 0 0 0 0 0
20061010 18:31:24 1 0 15 0 3 46 0 35 65 10867 18234 0 132 2 1 0 0 231996 77240 343262 4978 0 0 0 0 0 0 0 0 0 0 0 0 0 0
20061010 18:31:25 0 0 15 0 4 44 0 37 63 10846 18063 0 132 2 1 0 0 232313 77426 343774 4990 0 0 0 0 0 0 0 0 0 0 0 0 0 0
20061010 18:31:26 1 0 15 0 4 44 0 36 64 10868 18417 0 132 2 1 0 0 232252 77435 343689 4991 0 0 0 0 0 0 0 0 0 0 0 0 0 0
20061010 18:31:27 1 0 15 0 4 43 0 37 63 10853 18276 0 132 2 1 0 0 232504 77478 343994 4994 0 0 0 0 0 0 0 0 0 0 0 0 0 0
20061010 18:31:28 1 0 13 0 4 47 0 36 64 10901 18612 0 132 2 1 0 0 233264 77734 345084 5010 0 0 0 0 0 0 0 0 0 0 0 0 0 0
20061010 18:31:29 0 0 14 0 4 44 0 38 62 10831 18032 0 132 0 1 0 0 231288 76814 342155 4951 0 0 0 0 0 0 0 0 0 0 0 0 0 0
20061010 18:31:30 1 0 14 0 4 45 0 37 63 10876 17972 0 132 2 1 0 0 231407 77233 342427 4978 0 0 0 0 0 0 0 0 0 0 0 0 0 0
20061010 18:31:31 1 0 14 0 3 46 0 36 64 10892 18303 0 132 2 1 0 0 232734 77836 344337 5017 0 0 0 0 0 0 0 0 0 0 0 0 0 0
20061010 18:31:32 1 0 16 0 3 47 0 34 66 10889 18341 0 132 2 1 0 0 232594 77640 344149 5004 0 0 0 0 0 0 0 0 0 0 0 0 0 0
20061010 18:31:33 0 0 14 0 4 46 0 36 64 10880 18080 0 132 2 1 0 0 232617 77802 344147 5015 0 0 0 0 0 0 0 0 0 0 0 0 0 0
20061010 18:31:34 1 0 15 0 3 43 0 37 63 10873 17415 0 132 1 1 0 0 230693 77517 341286 4996 0 0 0 0 0 0 0 0 0 0 0 0 0 0
20061010 18:31:35 1 0 14 0 4 43 0 39 61 10825 17777 0 132 2 1 0 0 230757 76800 341443 4950 0 0 0 0 0 0 0 0 0 0 0 0 0 0
20061010 18:31:36 1 0 14 0 3 45 0 38 62 10855 17882 0 131 2 1 0 0 231004 76905 341779 4957 0 0 0 0 0 0 0 0 0 0 0 0 0 0
20061010 18:31:37 1 0 14 0 3 44 0 38 62 10807 18097 0 131 2 1 0 0 231521 77024 342592 4965 0 0 0 0 0 0 0 0 0 0 0 0 0 0
20061010 18:31:38 1 0 14 0 3 47 0 35 65 10864 18572 0 131 2 1 0 0 232419 77141 343856 4972 0 0 0 0 0 0 0 0 0 0 0 0 0 0
20061010 18:31:39 1 0 13 0 4 45 0 36 64 10812 18176 0 131 1 1 0 0 231622 77060 342646 4967 0 0 0 0 0 0 0 0 0 0 0 0 0 0
20061010 18:31:40 1 0 14 0 4 45 0 35 65 10864 18594 0 131 1 1 0 0 232716 77208 344298 4977 0 0 0 0 0 0 0 0 0 0 0 0 0 0
20061010 18:31:41 1 0 14 0 4 46 0 35 65 10807 19024 0 130 2 1 0 0 234323 77464 346712 4993 0 0 0 0 0 0 0 0 0 0 0 0 0 0
20061010 18:31:42 1 0 14 0 3 47 0 35 65 10860 18842 0 130 1 1 0 0 232740 77266 344347 4980 0 0 0 0 0 0 0 0 0 0 0 0 0 0
20061010 18:31:43 1 0 14 0 4 43 0 39 61 10830 18108 0 130 0 1 0 0 232631 77319 344187 4984 0 0 0 0 0 0 0 0 0 0 0 0 0 0
20061010 18:31:44 1 0 15 0 4 44 0 37 63 10838 18302 0 130 2 1 0 0 230929 76626 341676 4939 0 0 0 0 0 0 0 0 0 0 0 0 0 0
20061010 18:31:45 1 0 15 0 3 45 0 36 64 10890 18321 0 130 2 1 0 0 231686 77044 342851 4966 0 1 0 0 0 0 0 0 0 0 0 0 0 0
20061010 18:31:46 1 0 15 0 4 44 0 36 64 10917 18289 0 130 1 1 0 0 232718 77438 344354 4991 0 0 0 0 0 0 0 0 0 0 0 0 0 0
20061010 18:31:47 1 0 13 0 4 46 0 36 64 10837 18445 0 130 1 1 0 0 233090 77545 344874 4998 0 0 0 0 0 0 0 0 0 0 0 0 0 0
20061010 18:31:48 1 0 15 0 3 46 0 35 65 10921 18619 0 130 1 1 0 0 234035 78051 346270 5031 0 0 0 0 0 0 0 0 0 0 0 0 0 0
20061010 18:31:49 0 0 13 0 4 46 0 37 63 10814 18236 0 130 1 1 0 0 230580 76681 341127 4942 0 0 0 0 0 0 0 0 0 0 0 0 0 0
20061010 18:31:50 1 0 13 0 4 44 0 37 63 10860 18123 0 130 2 1 0 0 231720 77020 342816 4964 0 0 0 0 0 0 0 0 0 0 0 0 0 0
20061010 18:31:51 1 0 14 0 4 45 0 37 63 10853 18600 0 130 0 1 0 0 233185 77427 345085 4991 0 0 0 0 0 0 0 0 0 0 0 0 0 0
20061010 18:31:52 0 0 15 0 3 43 0 38 62 10841 17550 0 130 2 1 0 0 230385 76901 340841 4957 0 0 0 0 0 0 0 0 0 0 0 0 0 0
20061010 18:31:53 1 0 14 0 4 44 0 37 63 10849 18090 0 130 2 1 0 0 232041 77252 343263 4979 0 0 0 0 0 0 0 0 0 0 0 0 0 0
20061010 18:31:54 1 0 15 0 3 43 0 39 61 10872 17859 0 130 2 1 0 0 231235 77231 342106 4978 0 0 0 0 0 0 0 0 0 0 0 0 0 0
20061010 18:31:55 0 0 15 0 4 44 0 36 64 10831 18134 0 130 2 1 0 0 231773 77133 342943 4972 0 0 0 0 0 0 0 0 0 0 0 0 0 0
20061010 18:31:56 1 0 15 0 4 43 0 37 63 10863 18161 0 130 2 1 0 0 231926 77198 343149 4976 0 0 0 0 0 0 0 0 0 0 0 0 0 0
20061010 18:31:57 1 0 13 0 4 42 0 40 60 10834 17319 0 130 2 1 0 0 229806 76718 340046 4945 0 0 0 0 0 0 0 0 0 0 0 0 0 0
20061010 18:31:58 1 0 9 0 2 22 0 65 35 12505 7731 0 130 0 1 0 0 143762 47685 212603 3074 0 0 0 0 0 0 0 0 0 0 0 0 0 0
20061010 18:31:59 0 0 0 0 0 0 0 100 0 2050 30 0 130 0 1 0 0 1 4 0 1 0 0 0 0 0 0 0 0 0 0 0 0 0 0
20061010 18:32:00 0 0 0 0 0 0 0 100 0 2074 42 0 130 0 1 0 0 1 1 0 0 0 0 0 0 0 0 0 0 0 0 0 0 0 0
20061010 18:32:01 0 0 0 0 0 0 0 100 0 2050 32 0 130 0 1 0 0 1 1 0 0 0 0 0 0 0 0 0 0 0 0 0 0 0 0
20061010 18:32:02 0 0 0 0 0 0 0 100 0 2074 52 0 130 0 1 0 0 1 1 0 0 0 0 0 0 0 0 0 0 0 0 0 0 0 0
20061010 18:32:03 0 0 0 0 0 0 0 100 0 2050 22 0 130 0 1 0 0 1 1 0 0 0 0 0 0 0 0 0 0 0 0 0 0 0 0
20061010 18:32:04 0 0 0 0 0 0 0 100 0 2074 54 0 130 0 1 0 0 1 1 0 0 0 0 0 0 0 0 0 0 0 0 0 0 0 0
20061010 18:32:05 0 0 0 0 0 0 0 100 0 2050 24 0 130 0 1 0 0 1 1 0 0 0 0 0 0 0 0 0 0 0 0 0 0 0 0
20061010 18:32:06 0 0 0 0 0 0 0 100 0 2075 48 0 130 0 1 0 0 2 2 0 0 0 0 0 0 0 0 0 0 0 0 0 0 0 0
20061010 18:32:07 0 0 0 0 0 0 0 100 0 2050 26 0 130 0 1 0 0 1 1 0 0 0 0 0 0 0 0 0 0 0 0 0 0 0 0
20061010 18:32:08 0 0 0 0 0 0 0 100 0 2074 52 0 130 0 1 0 0 1 1 0 0 0 0 0 0 0 0 0 0 0 0 0 0 0 0
20061010 18:32:09 0 0 0 0 0 0 0 100 0 2050 24 0 130 0 1 0 0 1 1 0 0 0 0 0 0 0 0 0 0 0 0 0 0 0 0
20061010 18:32:10 0 0 6 0 1 13 0 80 20 9466 4360 0 130 1 1 0 0 91276 30130 134985 1942 0 0 0 0 0 0 0 0 0 0 0 0 0 0
20061010 18:32:11 1 0 11 0 3 41 0 44 56 11463 15319 0 130 1 1 0 0 208354 69061 308177 4452 0 0 0 0 0 0 0 0 0 0 0 0 0 0
20061010 18:32:12 1 0 15 0 3 51 0 30 70 11149 16945 0 130 1 1 0 0 247495 82408 366340 5312 0 0 0 0 0 0 0 0 0 0 0 0 0 0
20061010 18:32:13 0 0 15 0 4 51 0 29 71 11081 16889 0 130 2 1 0 0 250789 82261 371279 5302 0 1 0 0 0 0 0 0 0 0 0 0 0 0
20061010 18:32:14 1 0 16 0 4 51 0 28 72 11165 16564 0 130 1 1 0 0 250448 82867 370750 5341 0 0 0 0 0 0 0 0 0 0 0 0 0 0
20061010 18:32:15 1 0 17 0 3 51 0 28 72 11118 16737 0 130 1 1 0 0 251406 82695 372135 5330 0 0 0 0 0 0 0 0 0 0 0 0 0 0
20061010 18:32:16 1 0 14 0 4 51 0 30 70 11090 17098 0 130 1 1 0 0 251446 81912 372184 5280 0 0 0 0 0 0 0 0 0 0 0 0 0 0
20061010 18:32:17 1 0 14 0 4 51 0 30 70 11193 16314 0 130 3 1 0 0 249746 83657 369727 5392 0 0 0 0 0 0 0 0 0 0 0 0 0 0
20061010 18:32:18 1 0 15 0 4 50 0 30 70 11218 16334 0 130 1 1 0 0 251816 83966 372771 5412 0 0 0 0 0 0 0 0 0 0 0 0 0 0
20061010 18:32:19 1 0 15 0 3 52 0 28 72 11077 17090 0 130 3 1 0 0 250346 81660 370582 5263 0 0 0 0 0 0 0 0 0 0 0 0 0 0
20061010 18:32:20 1 0 15 0 4 52 0 28 72 11188 16480 0 130 2 1 0 0 251154 83115 371801 5357 0 0 0 0 0 0 0 0 0 0 0 0 0 0
20061010 18:32:21 1 0 16 0 3 52 0 29 71 11084 17215 0 130 3 1 0 0 252179 82053 373347 5289 0 0 0 0 0 0 0 0 0 0 0 0 0 0
20061010 18:32:22 1 0 17 0 4 50 0 29 71 11189 16557 0 130 3 1 0 0 251451 83253 372217 5366 0 0 0 0 0 0 0 0 0 0 0 0 0 0
20061010 18:32:23 1 0 16 0 3 52 0 28 72 11069 16974 0 130 3 1 0 0 251637 82332 372502 5307 0 0 0 0 0 0 0 0 0 0 0 0 0 0
20061010 18:32:24 1 0 15 0 5 51 0 29 71 11196 16560 0 130 2 1 0 0 250774 82978 371234 5348 0 0 0 0 0 0 0 0 0 0 0 0 0 0
20061010 18:32:25 1 0 16 0 3 52 0 29 71 11117 16855 0 130 3 1 0 0 251437 82501 372205 5318 0 0 0 0 0 0 0 0 0 0 0 0 0 0
20061010 18:32:26 1 0 16 0 4 51 0 29 71 11137 16950 0 130 2 1 0 0 251231 82339 371915 5307 0 0 0 0 0 0 0 0 0 0 0 0 0 0
20061010 18:32:27 0 0 14 0 3 52 0 31 69 11117 16750 0 130 3 1 0 0 250990 82562 371593 5322 0 0 0 0 0 0 0 0 0 0 0 0 0 0
20061010 18:32:28 1 0 16 0 4 50 0 30 70 11140 16867 0 130 3 1 0 0 252010 82525 373069 5319 0 0 0 0 0 0 0 0 0 0 0 0 0 0
20061010 18:32:29 1 0 15 0 4 51 0 30 70 11141 16826 0 130 2 1 0 0 250888 82885 371423 5342 0 0 0 0 0 0 0 0 0 0 0 0 0 0
20061010 18:32:30 1 0 14 0 3 53 0 30 70 11178 16560 0 130 3 1 0 0 251053 83259 371623 5366 0 0 0 0 0 0 0 0 0 0 0 0 0 0
20061010 18:32:31 1 0 14 0 4 50 0 31 69 11121 16744 0 130 3 1 0 0 251209 82481 371797 5316 0 0 0 0 0 0 0 0 0 0 0 0 0 0
20061010 18:32:32 1 0 15 0 4 50 0 31 69 11051 17455 0 130 1 1 0 0 252013 81178 372989 5232 0 0 0 0 0 0 0 0 0 0 0 0 0 0
20061010 18:32:33 1 0 15 0 3 51 0 31 69 11136 16840 0 130 3 1 0 0 251272 82538 371880 5320 0 0 0 0 0 0 0 0 0 0 0 0 0 0
20061010 18:32:34 1 0 16 0 4 50 0 29 71 11137 16889 0 130 3 1 0 0 251456 82581 372194 5323 0 0 0 0 0 0 0 0 0 0 0 0 0 0
20061010 18:32:35 1 0 15 0 4 49 0 31 69 11126 16902 0 130 2 1 0 0 251334 81989 371997 5285 0 0 0 0 0 0 0 0 0 0 0 0 0 0
20061010 18:32:36 1 0 15 0 3 52 0 29 71 11144 16956 0 130 2 1 0 0 252365 82742 373530 5333 0 0 0 0 0 0 0 0 0 0 0 0 0 0
20061010 18:32:37 1 0 15 0 3 51 0 30 70 11135 16917 0 130 1 1 0 0 251379 82602 372100 5324 0 0 0 0 0 0 0 0 0 0 0 0 0 0
20061010 18:32:38 1 0 15 0 3 53 0 29 71 11127 16987 0 130 2 1 0 0 251730 81976 372621 5284 0 0 0 0 0 0 0 0 0 0 0 0 0 0
20061010 18:32:39 1 0 16 0 5 51 0 28 72 11080 17221 0 130 3 1 0 0 251357 81719 372021 5267 0 0 0 0 0 0 0 0 0 0 0 0 0 0
20061010 18:32:40 0 0 15 0 4 51 0 30 70 11206 16108 0 130 3 1 0 0 249420 83771 369160 5399 0 0 0 0 0 0 0 0 0 0 0 0 0 0
20061010 18:32:41 1 0 16 0 5 50 0 29 71 11165 16684 0 130 2 1 0 0 251463 83047 372245 5353 0 0 0 0 0 0 0 0 0 0 0 0 0 0
20061010 18:32:42 1 0 16 0 3 52 0 27 73 11244 16346 0 130 1 1 0 0 251616 83891 372407 5407 0 0 0 0 0 0 0 0 0 0 0 0 0 0
20061010 18:32:43 1 0 15 0 3 52 0 29 71 11156 16657 0 130 3 1 0 0 250532 83013 370810 5351 0 0 0 0 0 0 0 0 0 0 0 0 0 0
20061010 18:32:44 1 0 15 0 4 51 0 29 71 11233 16368 0 130 3 1 0 0 251587 83743 372424 5398 0 0 0 0 0 0 0 0 0 0 0 0 0 0
20061010 18:32:45 1 0 15 0 4 53 0 27 73 11192 16442 0 130 3 1 0 0 252496 83449 373698 5379 0 1 0 0 0 0 0 0 0 0 0 0 0 0
20061010 18:32:46 1 0 15 0 4 52 0 28 72 11279 15977 0 130 3 1 0 0 251734 84163 372612 5425 0 0 0 0 0 0 0 0 0 0 0 0 0 0
20061010 18:32:47 1 0 15 0 4 51 0 29 71 11212 16310 0 130 3 1 0 0 252298 84021 373437 5416 0 0 0 0 0 0 0 0 0 0 0 0 0 0
20061010 18:32:48 1 0 15 0 3 52 0 29 71 11259 16076 0 130 1 1 0 0 251571 84267 372384 5431 0 0 0 0 0 0 0 0 0 0 0 0 0 0
20061010 18:32:49 1 0 16 0 4 52 0 28 72 11217 16034 0 130 2 1 0 0 251463 84190 372226 5426 0 0 0 0 0 0 0 0 0 0 0 0 0 0
20061010 18:32:50 1 0 17 0 3 51 0 28 72 11200 16347 0 130 2 1 0 0 250547 83493 370853 5381 0 0 0 0 0 0 0 0 0 0 0 0 0 0
20061010 18:32:51 1 0 15 0 3 51 0 30 70 11163 16278 0 130 3 1 0 0 250786 83246 371269 5366 0 0 0 0 0 0 0 0 0 0 0 0 0 0
20061010 18:32:52 1 0 15 0 4 50 0 30 70 11166 16519 0 130 3 1 0 0 250752 83234 371170 5365 0 0 0 0 0 0 0 0 0 0 0 0 0 0
20061010 18:32:53 1 0 15 0 3 50 0 31 69 11136 16968 0 130 2 1 0 0 251295 82390 371975 5310 0 0 0 0 0 0 0 0 0 0 0 0 0 0
20061010 18:32:54 0 0 15 0 4 52 0 29 71 11203 16632 0 130 1 1 0 0 251022 83264 371555 5367 0 0 0 0 0 0 0 0 0 0 0 0 0 0
20061010 18:32:55 1 0 16 0 4 50 0 29 71 11168 16772 0 130 3 1 0 0 251630 83014 372443 5351 0 0 0 0 0 0 0 0 0 0 0 0 0 0
20061010 18:32:56 1 0 15 0 2 53 0 29 71 11165 16628 0 130 2 1 0 0 251670 83160 372564 5360 0 0 0 0 0 0 0 0 0 0 0 0 0 0
20061010 18:32:57 1 0 16 0 4 51 0 29 71 11172 16406 0 130 2 1 0 0 250426 83265 370662 5367 0 0 0 0 0 0 0 0 0 0 0 0 0 0
20061010 18:32:58 1 0 16 0 4 51 0 28 72 11219 16306 0 130 3 1 0 0 250457 83555 370706 5386 0 0 0 0 0 0 0 0 0 0 0 0 0 0
20061010 18:32:59 1 0 15 0 4 51 0 29 71 11129 16829 0 130 2 1 0 0 251285 82253 371968 5302 0 0 0 0 0 0 0 0 0 0 0 0 0 0
20061010 18:33:00 1 0 16 0 3 50 0 31 69 11155 16636 0 130 3 2 0 0 250797 82691 371271 5330 0 0 0 0 0 0 0 0 0 0 0 0 0 0
20061010 18:33:01 1 0 16 0 5 50 0 29 71 11209 16726 0 130 3 2 0 0 251519 82950 372343 5347 0 0 0 0 0 0 0 0 0 0 0 0 0 0
20061010 18:33:02 1 0 15 0 4 50 0 30 70 11122 16825 0 130 3 2 0 0 251213 82404 371797 5311 0 0 0 0 0 0 0 0 0 0 0 0 0 0
20061010 18:33:03 1 0 17 0 4 50 0 29 71 11157 16838 0 130 2 2 0 0 251289 82583 371961 5323 0 0 0 0 0 0 0 0 0 0 0 0 0 0
20061010 18:33:04 1 0 17 0 4 49 0 29 71 11182 16585 0 130 2 2 0 0 250743 83251 371149 5366 0 0 0 0 0 0 0 0 0 0 0 0 0 0
20061010 18:33:05 1 0 16 0 4 52 0 28 72 11183 16505 0 130 2 2 0 0 250836 82995 371247 5349 0 0 0 0 0 0 0 0 0 0 0 0 0 0
20061010 18:33:06 1 0 16 0 4 51 0 29 71 11167 16590 0 130 3 2 0 0 251189 83106 371828 5357 0 0 0 0 0 0 0 0 0 0 0 0 0 0
20061010 18:33:07 1 0 15 0 3 53 0 28 72 11189 16553 1 131 2 2 0 0 250826 82916 371232 5345 0 0 0 0 0 0 0 0 0 0 0 0 0 0
20061010 18:33:08 1 0 16 0 4 51 0 29 71 11193 16507 0 131 4 2 0 0 251215 83522 371834 5383 0 0 0 0 0 0 0 0 0 0 0 0 0 0
20061010 18:33:09 1 0 16 0 4 50 0 28 72 11148 17063 0 131 3 2 0 0 251711 82231 372571 5300 0 0 0 0 0 0 0 0 0 0 0 0 0 0
20061010 18:33:10 1 0 16 0 5 51 0 28 72 11122 16927 0 131 3 2 0 0 251016 82310 371550 5305 0 0 0 0 0 0 0 0 0 0 0 0 0 0
20061010 18:33:11 1 0 16 0 3 51 0 29 71 11173 16667 0 131 3 2 0 0 251234 83064 371862 5354 0 0 0 0 0 0 0 0 0 0 0 0 0 0
20061010 18:33:12 1 0 14 1 4 50 0 31 68 11147 16956 0 131 3 2 0 0 251613 82495 372337 5318 0 0 0 0 0 0 4 4 0 52 52 0 9 9
20061010 18:33:13 1 0 15 0 4 48 0 32 68 11139 17082 0 131 3 2 0 0 251653 81945 372526 5282 0 1 0 0 0 0 0 0 0 0 0 0 0 0
20061010 18:33:14 1 0 16 0 3 51 0 29 71 11141 16912 0 131 3 2 0 0 251279 82766 371959 5335 0 0 0 0 0 0 0 0 0 0 0 0 0 0
20061010 18:33:15 1 0 14 0 4 52 0 29 71 11236 16415 0 131 3 2 0 0 250638 83563 371048 5386 0 0 0 0 0 0 0 0 0 0 0 0 0 0
20061010 18:33:16 1 0 15 0 4 51 0 29 71 11126 16791 0 131 2 2 0 0 251134 82554 371768 5321 0 0 0 0 0 0 0 0 0 0 0 0 0 0
20061010 18:33:17 1 0 16 0 4 50 0 30 70 11140 17113 0 131 2 2 0 0 251769 82072 372632 5290 0 0 0 0 0 0 0 0 0 0 0 0 0 0
20061010 18:33:18 1 0 14 0 3 53 0 29 71 11132 16995 0 131 2 2 0 0 251239 82170 371881 5296 0 0 0 0 0 0 0 0 0 0 0 0 0 0
20061010 18:33:19 1 0 15 0 3 51 0 30 70 11179 16581 0 131 2 2 0 0 251184 83141 371741 5359 0 0 0 0 0 0 0 0 0 0 0 0 0 0
20061010 18:33:20 1 0 16 0 4 51 0 29 71 11187 16439 0 131 3 2 0 0 252243 83595 373348 5388 0 0 0 0 0 0 0 0 0 0 0 0 0 0
20061010 18:33:21 1 0 14 0 4 51 0 30 70 11158 16746 0 131 2 2 0 0 251493 82958 372250 5347 0 0 0 0 0 0 0 0 0 0 0 0 0 0
20061010 18:33:22 1 0 13 0 3 51 0 32 68 11129 16742 0 131 2 2 0 0 250458 82755 370702 5334 0 0 0 0 0 0 0 0 0 0 0 0 0 0
20061010 18:33:23 1 0 16 0 4 50 0 29 71 11147 16917 0 131 2 2 0 0 251428 82563 372151 5322 0 0 0 0 0 0 0 0 0 0 0 0 0 0
20061010 18:33:24 1 0 15 0 4 51 0 29 71 11170 16632 0 131 1 2 0 0 251426 83255 372144 5366 0 0 0 0 0 0 0 0 0 0 0 0 0 0
20061010 18:33:25 1 0 16 0 4 51 0 28 72 11179 16719 0 131 2 2 0 0 252214 83096 373325 5356 0 0 0 0 0 0 0 0 0 0 0 0 0 0
20061010 18:33:26 1 0 16 0 3 50 0 30 70 11122 16839 0 131 1 2 0 0 251266 82458 371945 5315 0 0 0 0 0 0 0 0 0 0 0 0 0 0
20061010 18:33:27 0 0 15 0 4 52 0 28 72 11134 17011 0 131 1 2 0 0 251841 82522 372814 5319 0 0 0 0 0 0 0 0 0 0 0 0 0 0
20061010 18:33:28 1 0 15 0 4 52 0 28 72 11188 16045 0 131 2 2 0 0 250739 83917 371127 5409 0 0 0 0 0 0 0 0 0 0 0 0 0 0
20061010 18:33:29 1 0 16 0 4 50 0 30 70 11214 16500 0 131 2 2 0 0 250150 83231 370249 5365 0 0 0 0 0 0 0 0 0 0 0 0 0 0
20061010 18:33:30 1 0 15 0 4 51 0 30 70 11099 17043 0 131 3 2 0 0 251458 82263 372176 5302 0 0 0 0 0 0 0 0 0 0 0 0 0 0
20061010 18:33:31 1 0 15 0 4 52 0 28 72 11179 16911 0 131 2 2 0 0 252490 82914 373754 5344 0 0 0 0 0 0 0 0 0 0 0 0 0 0
20061010 18:33:32 1 0 14 0 3 53 0 29 71 11094 16921 0 131 1 2 0 0 251223 81977 371886 5284 0 0 0 0 0 0 0 0 0 0 0 0 0 0
20061010 18:33:33 1 0 15 0 3 55 0 27 73 11182 16561 0 131 3 2 0 0 250796 82919 371249 5345 0 0 0 0 0 0 0 0 0 0 0 0 0 0
20061010 18:33:34 0 0 17 0 4 50 0 29 71 11138 16626 0 131 2 2 0 0 251156 82805 371783 5337 0 0 0 0 0 0 0 0 0 0 0 0 0 0
20061010 18:33:35 0 0 14 0 4 50 0 31 69 11108 17208 0 131 3 2 0 0 251967 81763 372981 5270 0 0 0 0 0 0 0 0 0 0 0 0 0 0
20061010 18:33:36 1 0 16 0 4 51 0 29 71 11153 16654 0 131 3 2 0 0 250768 82616 371174 5325 0 0 0 0 0 0 0 0 0 0 0 0 0 0
20061010 18:33:37 1 0 15 0 4 51 0 30 70 11240 16195 0 131 3 2 0 0 250487 84002 370820 5414 0 0 0 0 0 0 0 0 0 0 0 0 0 0
20061010 18:33:38 1 0 15 0 3 46 0 35 65 10827 18208 0 131 1 2 0 0 234338 77247 346712 4979 0 0 0 0 0 0 0 0 0 0 0 0 0 0
20061010 18:33:39 0 0 9 0 3 21 0 67 33 15121 6307 0 131 0 2 0 0 143064 46461 211618 2995 0 0 0 0 0 0 0 0 0 0 0 0 0 0
20061010 18:33:40 0 0 0 0 0 0 0 100 0 2123 53 0 131 0 2 0 0 85 36 118 3 0 0 0 0 0 0 0 0 0 0 0 0 0 0
20061010 18:33:41 0 0 0 0 0 0 0 100 0 2073 38 0 131 0 2 0 0 1 0 0 0 0 0 0 0 0 0 0 0 0 0 0 0 0 0
20061010 18:33:42 0 0 0 1 0 0 0 99 0 2053 40 0 131 0 2 0 0 1 2 0 1 0 0 0 0 0 0 3 3 0 52 52 0 10 10
20061010 18:33:43 0 0 0 0 0 0 0 100 0 2074 48 0 131 0 2 0 0 1 1 0 0 0 0 0 0 0 0 0 0 0 0 0 0 0 0
20061010 18:33:44 0 0 0 0 0 0 0 100 0 2053 32 0 131 0 2 0 0 1 1 0 0 0 0 0 0 0 0 3 3 0 12 12 0 0 0
20061010 18:33:45 0 0 0 0 0 0 0 100 0 2074 42 0 131 0 2 0 0 1 1 0 0 0 1 0 0 0 0 0 0 0 0 0 0 0 0
20061010 18:33:46 0 0 0 0 0 0 0 100 0 2049 36 0 131 0 2 0 0 1 1 0 0 0 0 0 0 0 0 0 0 0 0 0 0 0 0
20061010 18:33:47 0 0 0 0 0 0 0 100 0 2074 38 0 131 0 2 0 0 1 1 0 0 0 0 0 0 0 0 0 0 0 0 0 0 0 0
20061010 18:33:48 0 0 0 0 0 0 0 100 0 2050 34 0 131 0 2 0 0 1 1 0 0 0 0 0 0 0 0 0 0 0 0 0 0 0 0
20061010 18:33:49 0 0 0 0 0 0 0 100 0 2081 50 0 131 0 2 0 0 1 1 0 0 0 0 0 0 0 0 7 7 0 36 36 0 2 2
20061010 18:33:50 0 0 0 0 0 0 0 100 0 2050 24 0 131 0 1 0 0 1 1 0 0 0 0 0 0 0 0 0 0 0 0 0 0 0 0
20061010 18:33:51 0 0 5 0 1 16 0 78 22 9844 4371 0 131 1 1 0 0 93337 30719 137999 1980 0 0 0 0 0 0 0 0 0 0 0 0 0 0
20061010 18:33:52 1 0 12 0 3 33 0 52 48 11978 13032 0 131 2 1 0 0 193376 64183 286038 4138 0 0 0 0 0 0 0 0 0 0 0 0 0 0
20061010 18:33:53 1 0 15 0 4 51 0 29 71 10868 20238 0 131 3 1 0 0 255826 78258 378681 5044 0 0 0 0 0 0 0 0 0 0 0 0 0 0
20061010 18:33:54 1 0 16 0 4 51 0 28 72 10615 23565 0 131 4 1 0 0 260048 74185 384950 4782 0 0 0 0 0 0 0 0 0 0 0 0 0 0
20061010 18:33:55 1 0 16 0 3 51 0 29 71 10672 23473 0 131 3 2 0 0 259969 74635 384881 4811 0 0 0 0 0 0 0 0 0 0 0 0 0 0
20061010 18:33:56 1 0 16 0 3 50 0 30 70 10579 23831 0 131 4 2 0 0 259536 73948 384247 4766 0 0 0 0 0 0 0 0 0 0 0 0 0 0
20061010 18:33:57 1 0 16 0 3 51 0 29 71 10707 23228 0 131 2 2 0 0 259735 75365 384547 4858 0 0 0 0 0 0 0 0 0 0 0 0 0 0
20061010 18:33:58 1 0 16 0 3 50 0 29 71 10771 23212 0 131 4 2 0 0 259636 75899 384418 4892 0 0 0 0 0 0 0 0 0 0 0 0 0 0
20061010 18:33:59 1 0 18 0 3 49 0 30 70 10692 23909 0 131 2 2 0 0 260020 74852 384982 4825 0 0 0 0 0 0 0 0 0 0 0 0 0 0
20061010 18:34:00 1 0 18 0 3 53 0 26 74 10570 24461 0 131 4 2 0 0 260324 73709 385408 4751 0 0 0 0 0 0 0 0 0 0 0 0 0 0
20061010 18:34:01 1 0 16 0 3 51 0 30 70 10671 23770 0 131 3 2 0 0 259928 74696 384829 4815 0 0 0 0 0 0 0 0 0 0 0 0 0 0
20061010 18:34:02 1 0 17 0 3 51 0 27 73 10636 23755 0 131 2 2 0 0 260086 74571 385065 4807 0 0 0 0 0 0 0 0 0 0 0 0 0 0
20061010 18:34:03 1 0 14 0 4 53 0 29 71 10656 23621 0 131 3 2 0 0 259342 74980 384009 4833 0 0 0 0 0 0 0 0 0 0 0 0 0 0
20061010 18:34:04 1 0 16 0 3 55 0 26 74 10550 24733 0 131 3 2 0 0 260968 72715 386420 4687 0 0 0 0 0 0 0 0 0 0 0 0 0 0
20061010 18:34:05 1 0 17 0 3 50 0 30 70 10657 23869 0 131 4 2 1 0 259630 74609 384439 4809 0 0 0 0 0 0 0 0 0 0 0 0 0 0
20061010 18:34:06 1 0 16 0 3 54 0 26 74 10596 24221 0 131 2 2 1 0 260132 73638 385171 4746 0 0 0 0 0 0 0 0 0 0 0 0 0 0
20061010 18:34:07 0 0 16 0 3 51 0 29 71 10640 24154 0 131 3 2 1 0 260339 74266 385430 4787 0 0 0 0 0 0 0 0 0 0 0 0 0 0
20061010 18:34:08 1 0 17 0 3 53 0 27 73 10485 25009 0 131 4 2 1 0 260556 72149 385795 4650 0 0 0 0 0 0 0 0 0 0 0 0 0 0
20061010 18:34:09 1 0 16 0 3 55 0 26 74 10706 23316 0 131 2 2 1 0 260144 74960 385098 4832 0 0 0 0 0 0 0 0 0 0 0 0 0 0
20061010 18:34:10 1 0 15 0 4 51 0 29 71 10647 23875 0 131 3 2 1 0 259879 74273 384782 4787 0 0 0 0 0 0 0 0 0 0 0 0 0 0
20061010 18:34:11 1 0 19 0 3 52 0 25 75 10624 24042 0 131 4 2 1 0 260463 74150 385669 4779 0 0 0 0 0 0 0 0 0 0 0 0 0 0
20061010 18:34:12 1 0 16 0 3 52 0 28 72 10656 23341 0 131 4 2 1 0 259717 74808 384546 4822 0 0 0 0 0 0 0 0 0 0 0 0 0 0
20061010 18:34:13 1 0 16 0 3 51 0 30 70 10708 23402 0 131 2 2 1 0 259658 75211 384411 4848 0 1 0 0 0 0 0 0 0 0 0 0 0 0
20061010 18:34:14 1 0 16 0 4 50 0 29 71 10658 23767 0 131 3 2 1 0 260310 74809 385380 4822 0 0 0 0 0 0 1 1 0 4 4 0 0 0
20061010 18:34:15 1 0 15 0 4 50 0 30 70 10730 23503 0 131 4 2 1 0 259771 74967 384575 4832 0 0 0 0 0 0 0 0 0 0 0 0 0 0
20061010 18:34:16 1 0 15 0 4 53 0 27 73 10631 23554 0 131 4 2 1 0 260058 74571 385002 4806 0 0 0 0 0 0 0 0 0 0 0 0 0 0
20061010 18:34:17 1 0 17 0 4 51 0 28 72 10656 23690 0 131 4 2 1 0 259780 74375 384616 4794 0 0 0 0 0 0 0 0 0 0 0 0 0 0
20061010 18:34:18 1 0 12 0 4 53 0 30 70 10582 24124 0 131 2 2 1 0 259969 73740 384905 4753 0 0 0 0 0 0 0 0 0 0 0 0 0 0
20061010 18:34:19 1 0 15 0 3 53 0 29 71 10606 24144 0 131 3 2 1 0 260265 73637 385313 4746 0 0 0 0 0 0 0 0 0 0 0 0 0 0
20061010 18:34:20 0 0 16 0 3 55 0 27 73 10610 24011 0 131 4 2 1 0 260089 74409 385030 4796 0 0 0 0 0 0 0 0 0 0 0 0 0 0
20061010 18:34:21 1 0 18 0 3 53 0 25 75 10697 23458 0 131 4 2 1 0 259785 75115 384601 4842 0 0 0 0 0 0 0 0 0 0 0 0 0 0
20061010 18:34:22 1 0 14 0 4 51 0 31 69 10636 23703 0 131 2 2 1 0 259909 74760 384707 4819 0 0 0 0 0 0 0 0 0 0 0 0 0 0
20061010 18:34:23 1 0 15 0 4 53 0 27 73 10694 23437 0 131 4 2 1 0 260141 75401 385125 4860 0 0 0 0 0 0 0 0 0 0 0 0 0 0
20061010 18:34:24 1 0 16 0 3 54 0 25 75 10598 23740 0 131 4 2 1 0 259853 74155 384702 4780 0 0 0 0 0 0 0 0 0 0 0 0 0 0
20061010 18:34:25 1 0 14 0 3 52 0 29 71 10641 23788 0 131 4 2 1 0 259645 74335 384403 4791 0 0 0 0 0 0 0 0 0 0 0 0 0 0
20061010 18:34:26 1 0 15 0 3 52 0 30 70 10738 22923 0 131 4 2 1 0 259749 75884 384568 4891 0 0 0 0 0 0 0 0 0 0 0 0 0 0
20061010 18:34:27 1 0 15 0 3 50 0 30 70 10827 23026 0 131 3 2 1 0 260468 76502 385578 4931 0 0 0 0 0 0 0 0 0 0 0 0 0 0
20061010 18:34:28 1 0 17 0 4 52 0 26 74 10707 23148 0 131 3 2 1 0 261374 75576 386956 4871 0 0 0 0 0 0 0 0 0 0 0 0 0 0
20061010 18:34:29 1 0 16 0 3 54 0 26 74 10823 22698 0 131 3 2 1 0 259440 76988 384074 4962 0 0 0 0 0 0 0 0 0 0 0 0 0 0
20061010 18:34:30 1 0 16 0 3 54 0 26 74 10728 22962 0 131 4 2 1 0 260414 75804 385517 4886 0 0 0 0 0 0 0 0 0 0 0 0 0 0
20061010 18:34:31 1 0 16 0 4 50 0 30 70 10691 23782 0 131 3 2 1 0 260116 74885 385078 4827 0 0 0 0 0 0 0 0 0 0 0 0 0 0
20061010 18:34:32 1 0 17 0 3 53 0 26 74 10710 23162 0 131 3 2 1 0 259527 75719 384222 4880 0 0 0 0 0 0 0 0 0 0 0 0 0 0
20061010 18:34:33 1 0 16 0 4 53 0 26 74 10603 24561 0 131 3 2 1 0 260497 73462 385634 4735 0 0 0 0 0 0 0 0 0 0 0 0 0 0
20061010 18:34:34 1 0 17 0 4 51 0 27 73 10642 23757 0 131 3 2 1 0 259717 74694 384511 4814 0 0 0 0 0 0 0 0 0 0 0 0 0 0
20061010 18:34:35 1 0 17 0 3 51 0 28 72 10660 23881 0 131 4 2 1 0 260516 74358 385612 4793 0 0 0 0 0 0 0 0 0 0 0 0 0 0
20061010 18:34:36 1 0 16 0 3 52 0 28 72 10662 23613 0 131 2 2 1 0 260033 74727 384972 4817 0 0 0 0 0 0 0 0 0 0 0 0 0 0
20061010 18:34:37 1 0 16 0 3 49 0 32 68 10738 23121 0 131 3 2 1 0 259175 75800 383690 4886 0 0 0 0 0 0 0 0 0 0 0 0 0 0
20061010 18:34:38 1 0 17 0 3 55 0 25 75 10663 23959 0 131 4 2 1 0 260509 74902 385655 4828 0 0 0 0 0 0 0 0 0 0 0 0 0 0
20061010 18:34:39 1 0 18 0 4 49 0 28 72 10774 23137 0 131 4 2 1 0 259664 76021 384417 4900 0 0 0 0 0 0 0 0 0 0 0 0 0 0
20061010 18:34:40 1 0 16 0 4 51 0 29 71 10596 23985 0 131 3 2 1 0 260699 74061 385962 4774 0 0 0 0 0 0 0 0 0 0 0 0 0 0
20061010 18:34:41 1 0 16 0 4 50 0 29 71 10633 23774 0 131 4 2 1 0 259036 73958 383442 4767 0 0 0 0 0 0 0 0 0 0 0 0 0 0
20061010 18:34:42 1 0 17 0 4 51 0 27 73 10676 23492 0 131 4 2 1 0 259334 74939 383955 4830 0 0 0 0 0 0 0 0 0 0 0 0 0 0
20061010 18:34:43 1 0 16 0 3 52 0 28 72 10741 23121 0 131 4 2 1 0 259687 75859 384439 4889 0 0 0 0 0 0 0 0 0 0 0 0 0 0
20061010 18:34:44 1 0 17 0 3 52 0 27 73 10652 23983 0 131 3 2 1 0 260529 74536 385720 4804 0 0 0 0 0 0 0 0 0 0 0 0 0 0
20061010 18:34:45 1 0 18 0 3 53 0 26 74 10681 23691 0 131 4 2 1 0 260008 74600 384877 4808 0 1 0 0 0 0 0 0 0 0 0 0 0 0
20061010 18:34:46 1 0 17 0 3 52 0 27 73 10666 23377 0 131 3 2 1 0 259630 74940 384360 4830 0 0 0 0 0 0 0 0 0 0 0 0 0 0
20061010 18:34:47 1 0 16 0 4 53 0 26 74 10694 23881 0 131 2 2 1 0 260439 74629 385577 4810 0 0 0 0 0 0 0 0 0 0 0 0 0 0
20061010 18:34:48 1 0 14 0 3 53 0 30 70 10572 24313 0 131 2 2 1 0 260539 73701 385764 4750 0 0 0 0 0 0 0 0 0 0 0 0 0 0
20061010 18:34:49 1 0 16 0 4 51 0 28 72 10648 24004 0 131 3 2 1 0 260509 74168 385617 4780 0 0 0 0 0 0 0 0 0 0 0 0 0 0
20061010 18:34:50 1 0 16 0 3 56 0 25 75 10628 24066 0 131 3 2 1 0 260697 74308 385939 4790 0 0 0 0 0 0 0 0 0 0 0 0 0 0
20061010 18:34:51 1 0 14 0 4 50 0 31 69 10686 23226 0 131 4 2 1 0 259437 75223 384104 4848 0 0 0 0 0 0 0 0 0 0 0 0 0 0
20061010 18:34:52 1 0 16 0 3 52 0 28 72 10641 23611 0 131 4 2 1 0 260056 74668 385059 4813 0 0 0 0 0 0 0 0 0 0 0 0 0 0
20061010 18:34:53 1 0 16 0 3 51 0 28 72 10726 23212 0 131 3 2 1 0 259969 75221 384860 4848 0 0 0 0 0 0 0 0 0 0 0 0 0 0
20061010 18:34:54 1 0 16 0 3 51 0 29 71 10681 23626 0 131 3 2 1 0 259675 74777 384427 4820 0 0 0 0 0 0 0 0 0 0 0 0 0 0
20061010 18:34:55 0 0 16 0 3 53 0 27 73 10691 23738 0 131 2 2 1 0 259895 74665 384743 4813 0 0 0 0 0 0 0 0 0 0 0 0 0 0
20061010 18:34:56 1 0 16 0 3 53 0 28 72 10668 23154 0 131 4 2 1 0 259166 75072 383705 4839 0 0 0 0 0 0 0 0 0 0 0 0 0 0
20061010 18:34:57 1 0 16 0 4 51 0 28 72 10641 23919 0 131 3 2 1 0 260094 73845 385035 4760 0 0 0 0 0 0 0 0 0 0 0 0 0 0
20061010 18:34:58 1 0 14 0 3 53 0 29 71 10661 23543 0 131 3 2 1 0 260014 74921 384959 4829 0 0 0 0 0 0 0 0 0 0 0 0 0 0
20061010 18:34:59 1 0 15 0 3 54 0 28 72 10674 23721 0 131 3 2 1 0 259822 74727 384603 4817 0 0 0 0 0 0 0 0 0 0 0 0 0 0
20061010 18:35:00 1 0 17 0 3 53 0 27 73 10617 24305 0 131 3 2 1 0 260546 73610 385735 4745 0 0 0 0 0 0 0 0 0 0 0 0 0 0
20061010 18:35:01 1 0 16 0 3 53 0 27 73 10751 23057 0 131 4 2 1 0 259421 75995 384069 4898 0 0 0 0 0 0 0 0 0 0 0 0 0 0
20061010 18:35:02 1 0 16 0 4 50 0 30 70 10563 24405 0 131 4 2 1 0 260074 73126 384982 4713 0 0 0 0 0 0 0 0 0 0 0 0 0 0
20061010 18:35:03 1 0 17 0 4 52 0 26 74 10668 23460 0 131 4 2 1 0 260348 74801 385412 4821 0 0 0 0 0 0 0 0 0 0 0 0 0 0
20061010 18:35:04 1 0 17 0 3 55 0 24 76 10713 23013 0 131 4 2 1 0 260257 75775 385331 4884 0 0 0 0 0 0 0 0 0 0 0 0 0 0
20061010 18:35:05 1 0 18 0 3 51 0 27 73 10735 23034 0 131 3 2 1 0 260509 75961 385690 4896 0 0 0 0 0 0 0 0 0 0 0 0 0 0
20061010 18:35:06 1 0 14 0 3 55 0 27 73 10741 23168 0 131 3 2 1 0 260388 75814 385511 4887 0 0 0 0 0 0 0 0 0 0 0 0 0 0
20061010 18:35:07 1 0 17 0 3 54 0 26 74 10761 22684 0 131 4 2 1 0 260225 76517 385259 4932 0 0 0 0 0 0 0 0 0 0 0 0 0 0
20061010 18:35:08 1 0 17 0 4 53 0 25 75 10667 23708 0 131 3 2 1 0 260881 74963 386233 4832 0 0 0 0 0 0 0 0 0 0 0 0 0 0
20061010 18:35:09 1 0 16 0 3 52 0 27 73 10687 23123 0 131 4 2 1 0 259632 75326 384376 4855 0 0 0 0 0 0 0 0 0 0 0 0 0 0
20061010 18:35:10 1 0 18 0 3 51 0 27 73 10715 23722 0 131 3 2 1 0 260592 75350 385771 4857 0 0 0 0 0 0 0 0 0 0 0 0 0 0
20061010 18:35:11 1 0 14 0 3 53 0 29 71 10664 23813 0 131 4 2 1 0 259726 74664 384499 4812 0 0 0 0 0 0 0 0 0 0 0 0 0 0
20061010 18:35:12 1 0 15 0 4 50 0 31 69 10690 23433 0 131 2 2 1 0 259737 74886 384507 4827 0 0 0 0 0 0 0 0 0 0 0 0 0 0
20061010 18:35:13 1 0 18 0 3 50 0 27 73 10687 23341 0 131 4 2 1 0 259630 75130 384430 4842 0 1 0 0 0 0 0 0 0 0 0 0 0 0
20061010 18:35:14 1 0 16 0 3 48 0 32 68 10697 23492 0 131 4 2 1 0 259773 75460 384618 4864 0 0 0 0 0 0 0 0 0 0 0 0 0 0
20061010 18:35:15 1 0 15 0 3 52 0 29 71 10686 23267 0 131 2 2 1 0 259790 74917 384586 4829 0 0 0 0 0 0 0 0 0 0 0 0 0 0
20061010 18:35:16 1 0 17 0 3 54 0 25 75 10660 23336 0 131 3 2 1 0 259619 75232 384357 4849 0 0 0 0 0 0 0 0 0 0 0 0 0 0
20061010 18:35:17 1 0 13 0 3 52 0 31 69 10671 24133 0 131 4 2 1 0 260309 74330 385400 4791 0 0 0 0 0 0 0 0 0 0 0 0 0 0
20061010 18:35:18 1 0 15 0 3 51 0 31 69 10634 24034 0 131 3 2 1 0 259756 74445 384533 4798 0 0 0 0 0 0 0 0 0 0 0 0 0 0
20061010 18:35:19 1 0 16 0 3 53 0 27 73 10758 23235 0 131 2 2 1 0 259899 75939 384721 4895 0 0 0 0 0 0 0 0 0 0 0 0 0 0
20061010 18:35:20 1 0 15 0 3 50 0 31 69 10619 24018 0 131 3 2 1 0 260265 73990 385275 4769 0 0 0 0 0 0 0 0 0 0 0 0 0 0
20061010 18:35:21 1 0 15 0 3 53 0 28 72 10596 24014 0 131 3 2 1 0 259992 73386 384934 4730 0 0 0 0 0 0 0 0 0 0 0 0 0 0
20061010 18:35:22 1 0 16 0 3 50 0 30 70 10663 23797 0 131 4 2 1 0 259906 74793 384838 4821 0 0 0 0 0 0 0 0 0 0 0 0 0 0
20061010 18:35:23 1 0 16 0 3 53 0 26 74 10701 23731 0 131 3 2 1 0 259908 75051 384732 4837 0 0 0 0 0 0 0 0 0 0 0 0 0 0
20061010 18:35:24 1 0 15 0 3 53 0 27 73 10684 23403 0 131 4 2 1 0 259698 75198 384480 4847 0 0 0 0 0 0 0 0 0 0 0 0 0 0
20061010 18:35:25 1 0 15 0 3 53 0 28 72 10778 23274 0 131 2 2 1 0 260323 76148 385307 4908 0 0 0 0 0 0 0 0 0 0 0 0 0 0
20061010 18:35:26 1 0 17 0 3 53 0 27 73 10612 23973 0 131 3 2 1 0 259800 74188 384593 4782 0 0 0 0 0 0 0 0 0 0 0 0 0 0
20061010 18:35:27 1 0 17 0 3 50 0 28 72 10665 23846 0 131 4 2 1 0 260049 74616 384993 4809 0 0 0 0 0 0 0 0 0 0 0 0 0 0
20061010 18:35:28 1 0 14 0 3 53 0 30 70 10652 24117 0 131 3 2 1 0 259924 74084 384837 4775 0 0 0 0 0 0 0 0 0 0 0 0 0 0
20061010 18:35:29 1 0 15 0 3 54 0 27 73 10690 23772 0 131 2 2 1 0 260339 74740 385420 4817 0 0 0 0 0 0 0 0 0 0 0 0 0 0
20061010 18:35:30 1 0 16 0 4 52 0 28 72 10670 23426 0 131 2 2 1 0 259581 75415 384308 4861 0 0 0 0 0 0 0 0 0 0 0 0 0 0
20061010 18:35:31 1 0 18 0 3 53 0 26 74 10631 23859 0 131 4 2 1 0 259978 74297 384890 4789 0 0 0 0 0 0 0 0 0 0 0 0 0 0
20061010 18:35:32 1 0 16 0 3 52 0 28 72 10695 23293 0 131 3 2 1 0 259801 75537 384587 4869 0 0 0 0 0 0 0 0 0 0 0 0 0 0
20061010 18:35:33 1 0 15 0 3 54 0 27 73 10684 23796 0 131 4 2 1 0 260220 74705 385211 4815 0 0 0 0 0 0 0 0 0 0 0 0 0 0
20061010 18:35:34 1 0 17 0 3 52 0 27 73 10666 23746 0 131 4 2 1 0 259829 75067 384653 4838 0 0 0 0 0 0 0 0 0 0 0 0 0 0
20061010 18:35:35 1 0 18 0 3 49 0 29 71 10684 23692 1 132 4 2 1 0 260069 74727 384978 4817 0 0 0 0 0 0 0 0 0 0 0 0 0 0
20061010 18:35:36 1 0 17 0 3 53 0 26 74 10706 23456 0 132 4 2 1 0 259606 75356 384321 4857 0 0 0 0 0 0 0 0 0 0 0 0 0 0
20061010 18:35:37 1 0 14 0 3 52 0 29 71 10684 23917 0 132 4 2 1 0 260265 74679 385275 4814 0 0 0 0 0 0 0 0 0 0 0 0 0 0
20061010 18:35:38 1 0 14 0 3 54 0 27 72 10613 24263 0 132 3 2 1 0 260354 74174 385498 4781 0 0 0 0 0 0 2 2 0 16 16 0 2 2
20061010 18:35:39 1 0 14 0 3 52 0 30 70 10726 23050 0 132 4 2 1 0 259370 75884 383964 4892 0 0 0 0 0 0 0 0 0 0 0 0 0 0
20061010 18:35:40 1 0 13 0 3 54 0 29 71 10647 24092 0 132 3 2 1 0 260245 74458 385297 4799 0 0 0 0 0 0 2 2 0 40 40 0 8 8
20061010 18:35:41 1 0 16 0 3 51 0 28 72 10615 24093 0 132 4 2 1 0 260047 74203 384977 4783 0 0 0 0 0 0 0 0 0 0 0 0 0 0
20061010 18:35:42 1 0 15 0 4 49 0 31 69 10637 23874 0 132 3 2 1 0 260042 74578 385000 4807 0 0 0 0 0 0 0 0 0 0 0 0 0 0
20061010 18:35:43 1 0 15 0 3 53 0 28 72 10771 21995 0 132 3 2 1 0 257825 76386 381613 4924 0 0 0 0 0 0 0 0 0 0 0 0 0 0
20061010 18:35:44 0 0 14 0 4 52 0 29 71 11147 16675 0 132 1 2 1 0 250774 83198 371214 5362 0 0 0 0 0 0 0 0 0 0 0 0 0 0
20061010 18:35:45 1 0 15 0 4 48 0 32 68 11048 18017 0 132 1 2 1 0 243608 80218 360513 5171 0 1 0 0 0 0 0 0 0 0 0 0 0 0
20061010 18:35:46 0 0 4 0 1 11 0 83 17 6319 4034 0 132 0 2 1 0 67355 22383 99609 1443 0 0 0 0 0 0 0 0 0 0 0 0 0 0
20061010 18:35:47 0 0 0 0 0 0 0 100 0 2074 43 0 132 0 2 1 0 1 1 0 0 0 0 0 0 0 0 0 0 0 0 0 0 0 0
20061010 18:35:48 0 0 0 0 0 0 0 100 0 2050 33 0 132 0 2 1 0 1 1 0 0 0 0 0 0 0 0 0 0 0 0 0 0 0 0
20061010 18:35:49 0 0 0 0 0 0 0 100 0 2074 41 0 132 0 2 1 0 1 1 0 0 0 0 0 0 0 0 0 0 0 0 0 0 0 0
20061010 18:35:50 0 0 0 0 0 0 0 100 0 2050 29 0 132 0 2 1 0 1 1 0 0 0 0 0 0 0 0 0 0 0 0 0 0 0 0
20061010 18:35:51 0 0 0 0 0 0 0 100 0 2074 45 0 132 0 2 1 0 1 1 0 0 0 0 0 0 0 0 0 0 0 0 0 0 0 0
20061010 18:35:52 0 0 0 0 0 0 0 100 0 2050 25 0 132 0 2 1 0 1 1 0 0 0 0 0 0 0 0 0 0 0 0 0 0 0 0
20061010 18:35:53 0 0 0 0 0 0 0 100 0 2074 45 0 132 0 2 1 0 1 1 0 0 0 0 0 0 0 0 0 0 0 0 0 0 0 0
20061010 18:35:54 0 0 0 0 0 0 0 100 0 2050 35 0 132 0 2 1 0 1 1 0 0 0 0 0 0 0 0 0 0 0 0 0 0 0 0
20061010 18:35:55 0 0 0 0 0 0 0 100 0 2074 37 0 132 0 2 1 0 1 1 0 0 0 0 0 0 0 0 0 0 0 0 0 0 0 0
20061010 18:35:56 0 0 0 0 0 0 0 100 0 2050 37 0 132 0 2 1 0 1 1 0 0 0 0 0 0 0 0 0 0 0 0 0 0 0 0
20061010 18:35:57 0 0 7 0 2 25 0 65 35 10727 8266 0 132 2 2 1 0 139633 46287 206471 2984 0 0 0 0 0 0 0 0 0 0 0 0 0 0
20061010 18:35:58 1 0 15 0 4 49 0 31 69 10972 18305 0 132 3 2 1 0 249048 80561 368589 5193 0 0 0 0 0 0 0 0 0 0 0 0 0 0
20061010 18:35:59 1 0 17 0 3 50 0 29 71 10481 24435 0 132 5 2 1 0 262178 72089 388179 4647 0 0 0 0 0 0 0 0 0 0 0 0 0 0
20061010 18:36:00 1 0 16 0 3 51 0 29 71 10644 23200 0 132 5 2 1 0 262904 73861 389306 4761 0 0 0 0 0 0 0 0 0 0 0 0 0 0
20061010 18:36:01 1 0 18 0 3 49 0 29 71 10654 23106 0 132 4 2 1 0 262929 74112 389361 4777 0 0 0 0 0 0 0 0 0 0 0 0 0 0
20061010 18:36:02 1 0 16 0 4 50 0 29 71 10536 23879 0 132 4 2 1 0 263045 72600 389501 4680 0 0 0 0 0 0 0 0 0 0 0 0 0 0
20061010 18:36:03 1 0 17 0 4 49 0 29 71 10595 23531 0 132 4 2 1 0 263291 72725 389925 4687 0 0 0 0 0 0 0 0 0 0 0 0 0 0
20061010 18:36:04 1 0 17 0 3 48 0 30 70 10698 22538 0 132 4 2 1 0 263083 75503 389525 4867 0 0 0 0 0 0 0 0 0 0 0 0 0 0
20061010 18:36:05 1 0 15 0 3 51 0 29 71 10584 23691 0 132 5 2 1 0 262259 73097 388370 4711 0 0 0 0 0 0 0 0 0 0 0 0 0 0
20061010 18:36:06 1 0 18 0 3 50 0 28 72 10576 23653 0 132 5 2 1 0 263080 72957 389529 4702 0 0 0 0 0 0 0 0 0 0 0 0 0 0
20061010 18:36:07 1 0 19 0 3 50 0 28 72 10602 23227 0 132 4 2 1 0 262800 73346 389170 4728 0 0 0 0 0 0 0 0 0 0 0 0 0 0
20061010 18:36:08 1 0 18 0 4 50 0 27 73 10631 22997 0 132 5 2 1 0 262544 74114 388723 4777 0 0 0 0 0 0 0 0 0 0 0 0 0 0
20061010 18:36:09 1 0 16 0 4 52 0 27 73 10638 23362 0 132 2 2 1 0 263297 73650 389930 4747 0 0 0 0 0 0 1 1 0 4 4 0 0 0
20061010 18:36:10 1 0 17 0 3 48 0 32 68 10541 23709 0 132 5 2 1 0 262761 72499 389061 4673 0 0 0 0 0 0 0 0 0 0 0 0 0 0
20061010 18:36:11 0 0 15 0 3 53 0 29 71 10631 22838 0 132 4 2 1 0 263115 74054 389631 4773 0 0 0 0 0 0 0 0 0 0 0 0 0 0
20061010 18:36:12 1 0 18 0 4 49 0 29 71 10521 23938 0 132 5 2 1 0 263239 72322 389778 4662 0 0 0 0 0 0 0 0 0 0 0 0 0 0
20061010 18:36:13 1 0 17 0 3 54 0 26 74 10629 23453 0 132 5 2 1 0 263080 73697 389533 4750 0 1 0 0 0 0 0 0 0 0 0 0 0 0
20061010 18:36:14 1 0 17 0 3 51 0 28 72 10526 23949 0 132 3 2 1 0 264308 72326 391403 4662 0 0 0 0 0 0 7 7 0 36 36 0 2 2
20061010 18:36:15 1 0 17 0 4 48 0 30 70 10671 23117 0 132 2 2 1 0 263087 74465 389576 4800 0 0 0 0 0 0 0 0 0 0 0 0 0 0
20061010 18:36:16 1 0 16 0 4 51 0 28 72 10574 23602 0 132 1 2 1 0 263054 72847 389498 4695 0 0 0 0 0 0 0 0 0 0 0 0 0 0
20061010 18:36:17 1 0 18 0 3 50 0 27 73 10585 23258 0 132 5 2 1 0 261427 72856 387101 4696 0 0 0 0 0 0 0 0 0 0 0 0 0 0
20061010 18:36:18 1 0 16 0 4 49 0 30 70 10587 23340 0 132 3 2 1 0 262791 74310 389151 4790 0 0 0 0 0 0 0 0 0 0 0 0 0 0
20061010 18:36:19 1 0 17 0 4 49 0 29 71 10701 22895 0 132 5 2 1 0 263040 74873 389492 4826 0 0 0 0 0 0 0 0 0 0 0 0 0 0
20061010 18:36:20 1 0 16 0 3 50 0 30 70 10650 23148 0 132 4 2 1 0 262751 74030 389081 4772 0 0 0 0 0 0 0 0 0 0 0 0 0 0
20061010 18:36:21 1 0 16 0 4 53 0 27 73 10615 23295 0 132 5 2 1 0 262787 73892 389120 4763 0 0 0 0 0 0 0 0 0 0 0 0 0 0
20061010 18:36:22 1 0 17 0 3 52 0 27 73 10627 23210 0 132 4 2 1 0 262791 73908 389123 4764 0 0 0 0 0 0 0 0 0 0 0 0 0 0
20061010 18:36:23 1 0 18 0 4 50 0 26 74 10509 24098 0 132 3 2 1 0 263444 72012 390143 4642 0 0 0 0 0 0 0 0 0 0 0 0 0 0
20061010 18:36:24 1 0 16 0 4 51 0 27 73 10547 23586 0 132 4 2 1 0 263013 72957 389467 4702 0 0 0 0 0 0 0 0 0 0 0 0 0 0
20061010 18:36:25 1 0 17 0 3 52 0 27 73 10670 22813 0 132 5 2 1 0 262566 74465 388743 4800 0 0 0 0 0 0 0 0 0 0 0 0 0 0
20061010 18:36:26 1 0 16 0 3 51 0 28 72 10669 22711 0 132 4 2 1 0 262327 74738 388454 4817 0 0 0 0 0 0 0 0 0 0 0 0 0 0
20061010 18:36:27 1 0 17 0 4 49 0 29 71 10609 23520 0 132 3 2 1 0 263009 73251 389434 4721 0 0 0 0 0 0 0 0 0 0 0 0 0 0
20061010 18:36:28 1 0 17 0 3 50 0 29 71 10551 23545 0 132 5 2 1 0 262673 72849 388950 4695 0 0 0 0 0 0 0 0 0 0 0 0 0 0
20061010 18:36:29 1 0 16 0 3 51 0 28 72 10606 23197 0 132 4 2 1 0 263062 73777 389496 4755 0 0 0 0 0 0 0 0 0 0 0 0 0 0
20061010 18:36:30 1 0 17 0 3 51 0 28 72 10617 23064 0 132 4 2 1 0 262915 73940 389296 4766 0 0 0 0 0 0 0 0 0 0 0 0 0 0
20061010 18:36:31 1 0 15 0 3 50 0 31 69 10614 23583 0 132 4 2 1 0 262991 73252 389407 4721 0 0 0 0 0 0 0 0 0 0 0 0 0 0
20061010 18:36:32 1 0 17 0 4 50 0 28 72 10620 23088 0 132 4 2 1 0 263405 74019 390012 4771 0 0 0 0 0 0 0 0 0 0 0 0 0 0
20061010 18:36:33 1 0 17 0 4 50 0 28 72 10722 22843 0 132 4 2 1 0 263412 75445 390060 4863 0 0 0 0 0 0 0 0 0 0 0 0 0 0
20061010 18:36:34 1 0 17 0 4 48 0 29 71 10554 23529 0 132 5 2 1 0 263774 72961 390599 4703 0 0 0 0 0 0 0 0 0 0 0 0 0 0
20061010 18:36:35 1 0 17 0 3 50 0 29 71 10644 23097 0 132 4 2 1 0 263298 73873 389867 4761 0 0 0 0 0 0 0 0 0 0 0 0 0 0
20061010 18:36:36 1 0 19 0 4 49 0 27 73 10716 22746 0 132 1 2 1 0 264173 75236 391195 4849 0 0 0 0 0 0 0 0 0 0 0 0 0 0
20061010 18:36:37 1 0 17 0 4 51 0 27 73 10652 22945 0 132 4 2 1 0 262134 74128 388174 4778 0 0 0 0 0 0 0 0 0 0 0 0 0 0
20061010 18:36:38 1 0 18 0 4 47 0 29 71 10574 23843 0 132 0 2 1 0 264495 73429 391616 4733 0 0 0 0 0 0 0 0 0 0 0 0 0 0
20061010 18:36:39 1 0 17 0 3 49 0 30 70 10630 23150 0 132 4 2 1 0 261341 73071 386971 4710 0 0 0 0 0 0 0 0 0 0 0 0 0 0
20061010 18:36:40 1 0 17 0 4 49 0 29 71 10622 23119 0 132 4 2 1 0 262662 73820 388928 4758 0 0 0 0 0 0 0 0 0 0 0 0 0 0
20061010 18:36:41 1 0 19 0 3 50 0 27 73 10647 23223 0 132 4 2 1 0 262767 74131 389081 4778 0 0 0 0 0 0 0 0 0 0 0 0 0 0
20061010 18:36:42 1 0 18 0 3 52 0 26 74 10644 23106 0 132 5 2 1 0 262802 74244 389133 4786 0 0 0 0 0 0 0 0 0 0 0 0 0 0
20061010 18:36:43 1 0 17 0 3 51 0 28 72 10694 23098 0 132 5 2 1 0 262852 74629 389215 4810 0 0 0 0 0 0 0 0 0 0 0 0 0 0
20061010 18:36:44 1 0 16 0 3 51 0 29 71 10666 22599 0 132 5 2 1 0 262538 74930 388751 4830 0 0 0 0 0 0 0 0 0 0 0 0 0 0
20061010 18:36:45 1 0 19 0 4 48 0 28 72 10678 22804 0 132 5 2 1 0 262743 74884 389009 4827 0 1 0 0 0 0 0 0 0 0 0 0 0 0
20061010 18:36:46 1 0 16 0 3 51 0 28 72 10671 22541 0 132 3 2 1 0 262558 75042 388737 4837 0 0 0 0 0 0 0 0 0 0 0 0 0 0
20061010 18:36:47 1 0 19 0 4 49 0 27 73 10576 23262 0 132 5 2 1 0 263112 72709 389593 4686 0 0 0 0 0 0 0 0 0 0 0 0 0 0
20061010 18:36:48 1 0 16 0 3 50 0 29 71 10560 23764 0 132 2 2 1 0 263933 73010 390857 4706 0 0 0 0 0 0 0 0 0 0 0 0 0 0
20061010 18:36:49 1 0 15 0 4 50 0 31 69 10604 23399 0 132 4 2 1 0 262510 72982 388711 4704 0 0 0 0 0 0 0 0 0 0 0 0 0 0
20061010 18:36:50 1 0 16 0 4 49 0 30 70 10558 23513 0 132 5 2 1 0 262862 72803 389191 4693 0 0 0 0 0 0 0 0 0 0 0 0 0 0
20061010 18:36:51 1 0 18 0 3 51 0 28 72 10614 23279 0 132 2 2 1 0 263806 73582 390604 4743 0 0 0 0 0 0 0 0 0 0 0 0 0 0
20061010 18:36:52 0 0 17 0 3 52 0 27 73 10750 22449 0 132 3 2 1 0 262629 75620 388874 4874 0 0 0 0 0 0 0 0 0 0 0 0 0 0
20061010 18:36:53 1 0 17 0 4 52 0 27 73 10684 22980 0 132 3 2 1 0 261990 74339 387928 4792 0 0 0 0 0 0 0 0 0 0 0 0 0 0
20061010 18:36:54 1 0 15 0 3 53 0 28 72 10552 23327 0 132 3 2 1 0 262942 73218 389342 4719 0 0 0 0 0 0 0 0 0 0 0 0 0 0
20061010 18:36:55 1 0 18 0 3 51 0 27 73 10713 22504 0 132 3 2 1 0 262586 75443 388798 4863 0 0 0 0 0 0 0 0 0 0 0 0 0 0
20061010 18:36:56 1 0 18 0 3 48 0 29 71 10546 23603 0 132 3 2 1 0 263891 73043 390712 4708 0 0 0 0 0 0 0 0 0 0 0 0 0 0
20061010 18:36:57 1 0 16 0 4 49 0 29 71 10508 23854 0 132 1 2 1 0 263622 71792 390383 4627 0 0 0 0 0 0 0 0 0 0 0 0 0 0
20061010 18:36:58 1 0 17 0 4 48 0 31 69 10554 23270 0 132 5 2 1 0 262106 73058 388096 4709 0 0 0 0 0 0 0 0 0 0 0 0 0 0
20061010 18:36:59 1 0 17 0 4 48 0 30 70 10653 22924 0 132 5 2 1 0 262998 74635 389447 4811 0 0 0 0 0 0 0 0 0 0 0 0 0 0
20061010 18:37:00 1 0 18 0 3 49 0 29 71 10619 23619 0 132 4 2 1 0 262985 72947 389403 4702 0 0 0 0 0 0 0 0 0 0 0 0 0 0
20061010 18:37:01 1 0 18 0 4 49 0 28 72 10566 23489 0 132 2 2 1 0 263070 73107 389539 4712 0 0 0 0 0 0 0 0 0 0 0 0 0 0
20061010 18:37:02 1 0 16 0 4 51 0 28 72 10579 23272 0 132 5 2 1 0 262760 73696 389006 4750 0 0 0 0 0 0 0 0 0 0 0 0 0 0
20061010 18:37:03 1 0 16 0 4 50 0 28 72 10642 23241 0 132 4 2 1 0 262960 73746 389371 4753 0 0 0 0 0 0 0 0 0 0 0 0 0 0
20061010 18:37:04 1 0 16 0 4 52 0 28 72 10633 23497 0 132 5 2 1 0 263074 73872 389536 4761 0 0 0 0 0 0 0 0 0 0 0 0 0 0
20061010 18:37:05 1 0 17 0 3 52 0 27 73 10651 23073 0 132 4 2 1 0 262922 73858 389318 4761 0 0 0 0 0 0 0 0 0 0 0 0 0 0
20061010 18:37:06 1 0 16 0 4 50 0 29 71 10598 23440 0 132 5 2 1 0 262732 73361 389030 4728 0 0 0 0 0 0 0 0 0 0 0 0 0 0
20061010 18:37:07 1 0 15 0 3 53 0 28 72 10712 22456 0 132 4 2 1 0 263042 75218 389510 4848 0 0 0 0 0 0 0 0 0 0 0 0 0 0
20061010 18:37:08 1 0 18 0 3 52 0 25 75 10697 22744 0 132 5 2 1 0 264261 75392 391377 4859 0 0 0 0 0 0 0 0 0 0 0 0 0 0
20061010 18:37:09 1 0 19 0 3 51 0 26 74 10663 22771 0 132 1 2 1 0 263593 74441 390260 4798 0 0 0 0 0 0 0 0 0 0 0 0 0 0
20061010 18:37:10 1 0 18 0 3 51 0 26 74 10660 22612 0 132 5 2 1 0 262080 74707 388055 4815 0 0 0 0 0 0 0 0 0 0 0 0 0 0
20061010 18:37:11 1 0 16 0 4 53 0 26 74 10770 22769 0 132 4 2 1 0 263522 75553 390267 4870 0 0 0 0 0 0 0 0 0 0 0 0 0 0
20061010 18:37:12 1 0 17 0 3 49 0 30 70 10656 23165 0 132 4 2 1 0 263074 73923 389540 4765 0 0 0 0 0 0 0 0 0 0 0 0 0 0
20061010 18:37:13 1 0 17 0 3 50 0 28 72 10510 23798 0 132 5 2 1 0 263101 72148 389564 4650 0 1 0 0 0 0 0 0 0 0 0 0 0 0
20061010 18:37:14 1 0 17 0 4 51 0 28 72 10567 23473 0 132 3 2 1 0 263061 73363 389498 4729 0 0 0 0 0 0 0 0 0 0 0 0 0 0
20061010 18:37:15 1 0 16 0 3 48 0 33 67 10653 22922 0 132 5 2 1 0 262652 74118 388885 4777 0 0 0 0 0 0 0 0 0 0 0 0 0 0
20061010 18:37:16 1 0 17 0 2 53 0 26 74 10618 23169 0 132 5 2 1 0 262837 74163 389194 4780 0 0 0 0 0 0 0 0 0 0 0 0 0 0
20061010 18:37:17 1 0 16 0 4 48 0 30 70 10656 23013 0 132 5 2 1 0 262979 74311 389389 4790 0 0 0 0 0 0 0 0 0 0 0 0 0 0
20061010 18:37:18 1 0 17 0 3 50 0 29 71 10574 23382 0 132 3 2 1 0 262956 73369 389378 4729 0 0 0 0 0 0 0 0 0 0 0 0 0 0
20061010 18:37:19 1 0 17 0 4 49 0 29 71 10580 23860 0 132 5 2 1 0 263153 72491 389672 4672 0 0 0 0 0 0 0 0 0 0 0 0 0 0
20061010 18:37:20 1 0 19 0 4 49 0 27 73 10670 22679 0 132 5 2 1 0 262752 75278 389020 4852 0 0 0 0 0 0 0 0 0 0 0 0 0 0
20061010 18:37:21 1 0 16 0 3 49 0 30 70 10640 22816 0 132 5 2 1 0 262890 74311 389184 4790 0 0 0 0 0 0 0 0 0 0 0 0 0 0
20061010 18:37:22 1 0 17 0 4 47 0 31 69 10642 23211 0 132 2 2 1 0 263862 74595 390694 4808 0 0 0 0 0 0 0 0 0 0 0 0 0 0
20061010 18:37:23 1 0 17 0 3 49 0 29 71 10623 23231 0 132 4 2 1 0 261969 72917 387871 4700 0 0 0 0 0 0 0 0 0 0 0 0 0 0
20061010 18:37:24 1 0 17 0 3 48 0 31 69 10574 23298 0 132 3 2 1 0 262902 72947 389254 4702 0 0 0 0 0 0 0 0 0 0 0 0 0 0
20061010 18:37:25 1 0 17 0 4 48 0 30 70 10545 24087 0 132 3 2 1 0 263076 71986 389531 4640 0 0 0 0 0 0 0 0 0 0 0 0 0 0
20061010 18:37:26 1 0 18 0 4 51 0 26 74 10551 23779 0 132 4 2 1 0 263177 73057 389691 4709 0 0 0 0 0 0 0 0 0 0 0 0 0 0
20061010 18:37:27 1 0 17 0 4 49 0 30 70 10573 23684 0 132 4 2 1 0 263187 72118 389730 4648 0 0 0 0 0 0 0 0 0 0 0 0 0 0
20061010 18:37:28 1 0 17 0 4 51 0 27 73 10599 23021 0 132 3 2 1 0 263708 74162 390501 4780 0 0 0 0 0 0 0 0 0 0 0 0 0 0
20061010 18:37:29 1 0 17 0 3 51 0 28 72 10625 23348 0 132 3 2 1 0 262052 73699 387997 4750 0 0 0 0 0 0 0 0 0 0 0 0 0 0
20061010 18:37:30 1 0 16 0 4 52 0 28 72 10522 23948 0 132 4 2 1 0 263133 72060 389631 4645 0 0 0 0 0 0 0 0 0 0 0 0 0 0
20061010 18:37:31 1 0 18 0 4 50 0 28 72 10721 22942 0 132 4 2 1 0 262532 74547 388751 4805 0 0 0 0 0 0 0 0 0 0 0 0 0 0
20061010 18:37:32 1 0 15 0 3 51 0 29 71 10526 23426 0 132 4 2 1 0 263144 72658 389673 4683 0 0 0 0 0 0 0 0 0 0 0 0 0 0
20061010 18:37:33 1 0 16 0 4 49 0 30 70 10673 22969 0 132 5 2 1 0 262779 74049 389101 4773 0 0 0 0 0 0 0 0 0 0 0 0 0 0
20061010 18:37:34 1 0 16 0 3 50 0 29 71 10588 23285 0 132 4 2 1 0 263079 73445 389540 4734 0 0 0 0 0 0 0 0 0 0 0 0 0 0
20061010 18:37:35 1 0 17 0 3 49 0 29 71 10633 23469 0 132 5 2 1 0 263046 73294 389534 4724 0 0 0 0 0 0 0 0 0 0 0 0 0 0
20061010 18:37:36 1 0 16 0 4 53 0 26 74 10542 23722 0 132 5 2 1 0 263164 72723 389707 4687 0 0 0 0 0 0 0 0 0 0 0 0 0 0
20061010 18:37:37 1 0 18 0 4 48 0 30 70 10504 23877 0 132 5 2 1 0 263301 72084 389889 4646 0 0 0 0 0 0 0 0 0 0 0 0 0 0
20061010 18:37:38 1 0 17 0 4 51 0 28 72 10570 23295 0 132 5 2 1 0 262933 73423 389294 4732 0 0 0 0 0 0 0 0 0 0 0 0 0 0
20061010 18:37:39 1 0 18 0 4 52 0 25 75 10620 23341 0 132 4 2 1 0 263770 73747 390551 4753 0 0 0 0 0 0 3 3 0 40 40 0 7 7
20061010 18:37:40 1 0 18 0 3 49 0 29 71 10646 22734 0 132 5 2 1 0 261543 74099 387294 4776 0 0 0 0 0 0 0 0 0 0 0 0 0 0
20061010 18:37:41 1 0 17 0 4 48 0 30 70 10607 23494 0 132 4 2 1 0 262929 73347 389344 4728 0 0 0 0 0 0 0 0 0 0 0 0 0 0
20061010 18:37:42 1 0 14 0 4 52 0 29 71 10608 23304 0 132 3 2 1 0 263120 73620 389624 4745 0 0 0 0 0 0 0 0 0 0 0 0 0 0
20061010 18:37:43 1 0 20 0 4 48 0 26 74 10615 23161 0 132 4 2 1 0 263561 73433 390296 4733 0 0 0 0 0 0 0 0 0 0 0 0 0 0
20061010 18:37:44 1 0 16 0 3 52 0 28 72 10625 23187 0 132 3 2 1 0 263432 74194 390097 4782 0 0 0 0 0 0 0 0 0 0 0 0 0 0
20061010 18:37:45 1 0 16 0 3 53 0 27 73 10700 22585 0 132 3 2 1 0 263300 74652 389881 4812 0 1 0 0 0 0 0 0 0 0 0 0 0 0
20061010 18:37:46 1 0 17 0 3 53 0 27 73 10630 22893 0 132 5 2 1 0 263445 74212 390098 4783 0 0 0 0 0 0 0 0 0 0 0 0 0 0
20061010 18:37:47 1 0 18 0 4 50 0 28 72 10650 23128 0 132 2 2 1 0 264012 74310 390911 4790 0 0 0 0 0 0 0 0 0 0 0 0 0 0
20061010 18:37:48 1 0 17 0 4 49 0 28 72 10539 23709 0 132 3 2 1 0 262509 72527 388683 4675 0 0 0 0 0 0 0 0 0 0 0 0 0 0
20061010 18:37:49 1 0 16 0 4 50 0 29 71 10636 23284 0 132 5 2 1 0 262203 73590 388222 4743 0 0 0 0 0 0 0 0 0 0 0 0 0 0
20061010 18:37:50 1 0 18 0 3 51 0 27 73 10519 23843 0 132 2 2 1 0 263421 72336 390055 4662 0 0 0 0 0 0 0 0 0 0 0 0 0 0
20061010 18:37:51 1 0 19 0 4 51 0 26 74 10562 23619 0 132 4 2 1 0 263046 72949 389512 4702 0 0 0 0 0 0 0 0 0 0 0 0 0 0
20061010 18:37:52 1 0 16 0 4 51 0 29 71 10618 23231 0 132 4 2 1 0 262974 73678 389422 4749 0 0 0 0 0 0 0 0 0 0 0 0 0 0
20061010 18:37:53 1 0 16 0 4 46 0 33 67 10665 22630 0 132 5 2 1 0 262499 74863 388681 4825 0 0 0 0 0 0 0 0 0 0 0 0 0 0
20061010 18:37:54 1 0 17 0 4 50 0 27 73 10561 23323 0 132 4 2 1 0 262880 73208 389241 4719 0 0 0 0 0 0 0 0 0 0 0 0 0 0
20061010 18:37:55 1 0 18 0 3 49 0 29 71 10642 23442 0 132 5 2 1 0 262924 73522 389326 4739 0 0 0 0 0 0 0 0 0 0 0 0 0 0
20061010 18:37:56 1 0 16 0 4 54 0 25 75 10650 22390 0 132 4 2 1 0 262538 74402 388720 4796 0 0 0 0 0 0 0 0 0 0 0 0 0 0
20061010 18:37:57 2 0 15 0 3 49 0 31 69 10625 23585 0 132 2 2 1 0 263865 73587 390686 4743 0 0 0 0 0 0 0 0 0 0 0 0 0 0
20061010 18:37:58 1 0 15 0 4 48 0 32 68 10514 24030 0 132 2 2 1 0 262809 72064 389121 4645 0 0 0 0 0 0 0 0 0 0 0 0 0 0
20061010 18:37:59 1 0 17 0 4 52 0 27 73 10618 23515 0 132 5 2 1 0 262991 73460 389419 4735 0 0 0 0 0 0 0 0 0 0 0 0 0 0
20061010 18:38:00 1 0 17 0 3 51 0 28 72 10525 23911 0 132 5 2 1 0 263038 72401 389495 4667 0 0 0 0 0 0 0 0 0 0 0 0 0 0
20061010 18:38:01 1 0 16 0 4 51 0 28 72 10615 23382 0 132 2 2 1 0 263716 73492 390487 4737 0 0 0 0 0 0 0 0 0 0 0 0 0 0
20061010 18:38:02 1 0 17 0 3 51 0 28 72 10581 22981 0 132 2 2 1 0 262730 73493 388997 4737 0 0 0 0 0 0 0 0 0 0 0 0 0 0
20061010 18:38:03 1 0 17 0 3 51 0 28 72 10633 22715 0 132 5 2 1 0 261690 73733 387507 4752 0 0 0 0 0 0 0 0 0 0 0 0 0 0
20061010 18:38:04 1 0 17 0 4 49 0 29 71 10616 22925 0 132 4 2 1 0 263779 74237 390543 4785 0 0 0 0 0 0 0 0 0 0 0 0 0 0
20061010 18:38:05 1 0 19 0 4 50 0 26 74 10680 22613 0 132 4 2 1 0 262684 74425 388953 4797 0 0 0 0 0 0 0 0 0 0 0 0 0 0
20061010 18:38:06 1 0 16 0 3 51 0 29 71 10569 23634 0 132 0 2 1 0 264129 73684 391102 4749 0 0 0 0 0 0 0 0 0 0 0 0 0 0
20061010 18:38:07 1 0 16 0 3 49 0 30 70 10606 23059 0 132 5 2 1 0 261552 73034 387271 4707 0 0 0 0 0 0 0 0 0 0 0 0 0 0
20061010 18:38:08 1 0 19 0 3 49 0 28 72 10607 23277 0 132 5 2 1 0 263030 73811 389469 4757 0 0 0 0 0 0 0 0 0 0 0 0 0 0
20061010 18:38:09 1 0 15 0 4 51 0 30 70 10579 23720 0 132 5 2 1 0 262970 72743 389390 4689 0 0 0 0 0 0 4 4 0 16 16 0 0 0
20061010 18:38:10 1 0 15 0 4 50 0 30 70 10631 22837 0 132 4 2 1 0 262786 74213 389147 4783 0 0 0 0 0 0 0 0 0 0 0 0 0 0
20061010 18:38:11 1 0 18 0 4 48 0 30 70 10622 23148 0 132 4 2 1 0 262840 73590 389189 4743 0 0 0 0 0 0 0 0 0 0 0 0 0 0
20061010 18:38:12 1 0 17 0 3 49 0 29 71 10694 22376 0 132 4 2 1 0 262651 75217 388887 4848 0 0 0 0 0 0 0 0 0 0 0 0 0 0
20061010 18:38:13 1 0 17 0 4 49 0 29 71 10541 24075 0 132 3 2 1 0 263297 72147 389845 4650 0 1 0 0 0 0 0 0 0 0 0 0 0 0
20061010 18:38:14 1 0 17 0 4 49 0 29 71 10624 23246 0 132 4 2 1 0 262930 73651 389342 4747 0 0 0 0 0 0 1 1 0 4 4 0 0 0
20061010 18:38:15 1 0 19 0 3 49 0 28 72 10608 22979 0 132 3 2 1 0 262565 73733 388727 4753 0 0 0 0 0 0 0 0 0 0 0 0 0 0
20061010 18:38:16 1 0 17 0 4 51 0 27 73 10609 23916 0 132 3 2 1 0 259923 74082 384789 4775 0 0 0 0 0 0 0 0 0 0 0 0 0 0
20061010 18:38:17 1 0 15 0 4 52 0 28 72 10899 21057 0 132 2 2 1 0 257412 78450 381064 5057 0 0 0 0 0 0 0 0 0 0 0 0 0 0
20061010 18:38:18 1 0 11 0 2 37 0 50 50 10534 12954 0 132 0 2 1 0 189020 62696 279656 4042 0 0 0 0 0 0 0 0 0 0 0 0 0 0
20061010 18:38:19 0 0 0 0 0 0 0 100 0 2074 51 0 132 0 2 1 0 1 1 0 0 0 0 0 0 0 0 0 0 0 0 0 0 0 0
20061010 18:38:20 0 0 0 0 0 0 0 100 0 2050 21 0 132 0 2 1 0 1 1 0 0 0 0 0 0 0 0 0 0 0 0 0 0 0 0
20061010 18:38:21 0 0 0 0 0 0 0 100 0 2074 45 0 132 0 2 1 0 1 1 0 0 0 0 0 0 0 0 0 0 0 0 0 0 0 0
20061010 18:38:22 0 0 0 0 0 0 0 100 0 2050 29 0 132 0 2 1 0 1 1 0 0 0 0 0 0 0 0 0 0 0 0 0 0 0 0
20061010 18:38:23 0 0 0 0 0 0 0 100 0 2074 41 0 132 0 2 1 0 1 1 0 0 0 0 0 0 0 0 0 0 0 0 0 0 0 0
20061010 18:38:24 0 0 0 0 0 0 0 100 0 2050 35 0 132 0 2 1 0 1 1 0 0 0 0 0 0 0 0 0 0 0 0 0 0 0 0
20061010 18:38:25 0 0 0 0 0 0 0 100 0 2074 45 0 132 0 2 1 0 1 1 0 0 0 0 0 0 0 0 0 0 0 0 0 0 0 0
20061010 18:38:26 0 0 0 0 0 0 0 100 0 2050 29 0 132 0 2 1 0 1 1 0 0 0 0 0 0 0 0 0 0 0 0 0 0 0 0
20061010 18:38:27 0 0 0 0 0 0 0 100 0 2074 45 0 132 0 2 1 0 1 1 0 0 0 0 0 0 0 0 0 0 0 0 0 0 0 0
20061010 18:38:28 0 0 0 0 0 0 0 100 0 2050 31 0 132 0 2 1 0 1 1 0 0 0 0 0 0 0 0 0 0 0 0 0 0 0 0
