################################### RECORDED ###################################
# Collectl:   V2.2.2  HiRes: 1  Options: -C. -f.  Subsys: cdlmnx
################################################################################
# Collectl:   V2.6.2  HiRes: 1  Options: -s+CDN -ocz 
# Host:       ibdln269  DaemonOpts: 
# Distro:     1
# Date:       20070125-143643  Secs: 1169753803 TZ: -0500
# SubSys:     cdlmnxCDN SubOpts:  Options: cz  Interval: 1 NumCPUs: 4  Flags: 
# HZ:         100  Arch: x86_64-linux-thread-multi PageSize: 4096
# Cpu:         Speed(MHz):  Cores:   Siblings: 
# Kernel:     2.6.9-34.7hp.XCsmp  Memory: 32522740  Swap: 
# NumDisks:   3 DiskNames: hda c0d0 c0d1
# NumNets:    5 NetNames: lo eth0:1000 eth1:1000 sit0 ipoib0
# IConnect:   NumHCAs: 1 PortStates:  IBVersion: 
# Lustre:     CfsVersion: 1.4.6.4  SfsVersion: 2.2-0  Services: 
# LustreClient:   CltInfo:  hpcsfsa: ibsfs_i:
################################################################################
#Date Time [CPU]User% [CPU]Nice% [CPU]Sys% [CPU]Wait% [CPU]Irq% [CPU]Soft% [CPU]Steal% [CPU]Idle% [CPU]Totl% [CPU]Intrpt/sec [CPU]Ctx/sec [CPU]Proc/sec [CPU]ProcQue [CPU]ProcRun [CPU]L-Avg1 [CPU]L-Avg5 [CPU]L-Avg15 [MEM]Tot [MEM]Used [MEM]Free [MEM]Shared [MEM]Buf [MEM]Cached [MEM]Slab [MEM]Map [MEM]Commit [MEM]SwapTot [MEM]SwapUsed [MEM]SwapFree [MEM]SwapIn [MEM]SwapOut [MEM]Dirty [MEM]Clean [MEM]Laundry [MEM]Inactive [MEM]PageIn [MEM]PageOut [NET]RxPktTot [NET]TxPktTot [NET]RxKBTot [NET]TxKBTot [NET]RxCmpTot [NET]RxMltTot [NET]TxCmpTot [NET]RxErrsTot [NET]TxErrsTot [DSK]ReadTot [DSK]WriteTot [DSK]OpsTot [DSK]ReadKBTot [DSK]WriteKBTot [DSK]KbTot [DSK]ReadMrgTot [DSK]WriteMrgTot [DSK]MrgTot [CLT]Reads [CLT]ReadKB [CLT]Writes [CLT]WriteKB [IB]InPkt [IB]OutPkt [IB]InKB [IB]OutKB [IB]Err
20070125 14:36:45 0 0 0 0 0 0 0 100 0 1056 62 0 353 0 0 0 0 32522740 20518548 12004192 0 49208 18889836 1450280 81240 13171804 16776936 17892 16759044 0 0 2460 0 0 2339424 0 0 9 1 1 0 0 0 0 0 0 0 0 0 0 0 0 0 0 0 0 0 0 0 0 0 0 0 0
20070125 14:36:46 0 0 0 0 0 0 0 100 0 1264 59 0 353 0 0 0 0 32522740 20518548 12004192 0 49208 18889836 1450280 81244 13171804 16776936 17892 16759044 0 0 2460 0 0 2339424 0 0 192 0 12 0 0 1 0 0 0 0 0 0 0 0 0 0 0 0 0 0 0 0 1 1 0 0 0
20070125 14:36:47 0 0 0 0 0 0 0 100 0 1031 98 0 353 0 0 0 0 32522740 20518612 12004128 0 49208 18889836 1450280 81256 13171804 16776936 17892 16759044 0 0 2460 0 0 2339424 0 0 128 4 8 1 0 0 0 0 0 0 0 0 0 0 0 0 0 0 0 0 0 0 0 0 0 0 0
20070125 14:36:48 0 0 0 0 0 0 0 100 0 1263 66 0 353 0 0 0 0 32522740 20518612 12004128 0 49220 18889824 1450296 81268 13171804 16776936 17892 16759044 0 0 2732 0 0 2339424 0 340 13 1 1 0 0 0 0 0 0 0 6 6 0 340 340 0 79 79 0 0 0 0 0 0 0 0 0
20070125 14:36:49 0 0 0 0 0 0 0 100 0 1009 50 0 353 0 0 0 0 32522740 20518412 12004328 0 49220 18889824 1450108 81276 13171804 16776936 17892 16759044 0 0 2732 0 0 2339424 0 0 260 0 17 0 0 0 0 0 0 0 0 0 0 0 0 0 0 0 0 0 0 0 0 0 0 0 0
20070125 14:36:50 0 0 8 0 0 0 0 92 8 1221 541 1 354 0 0 0 0 32522740 20519380 12003360 0 49220 18889824 1450892 81472 13172916 16776936 17892 16759044 0 0 1708 0 0 2224736 0 0 6 3 1 0 0 0 0 0 0 0 0 0 0 0 0 0 0 0 0 0 112 114688 225 115824 19 118443 0
20070125 14:36:51 0 0 9 0 0 0 0 91 9 1163 501 0 354 1 0 0 0 32522740 20519380 12003360 0 49220 18889824 1450900 81480 13172916 16776936 17892 16759044 0 0 4180 0 0 2115768 0 0 149 1 10 0 0 1 0 0 0 0 0 0 0 0 0 0 0 0 0 0 106 108544 210 106565 21 108951 0
20070125 14:36:52 0 0 8 0 0 0 0 92 8 1108 503 0 354 1 0 0 0 32522740 20519380 12003360 0 49220 18889824 1450900 81492 13172916 16776936 17892 16759044 0 0 2660 0 0 2014888 0 0 6 0 0 0 0 0 0 0 0 0 0 0 0 0 0 0 0 0 0 0 98 100352 197 100033 19 102282 0
20070125 14:36:53 0 0 7 0 0 0 0 93 7 1264 433 0 354 0 0 0 0 32522740 20519316 12003424 0 49220 18889824 1450904 81500 13172916 16776936 17892 16759044 0 0 1708 0 0 1925728 0 0 14 0 1 0 0 0 0 0 0 0 0 0 0 0 0 0 0 0 0 0 88 90112 178 92627 16 94723 0
20070125 14:36:54 0 0 8 7 0 0 0 86 8 1112 488 0 354 0 0 0 0 32522740 20601996 11920744 0 49220 18966664 1456872 81504 13172916 16776936 17892 16759044 0 0 5804 0 0 1976928 0 0 183 0 12 0 0 0 0 0 0 0 0 0 0 0 0 0 0 0 0 0 100 102400 197 98404 19 100624 0
20070125 14:36:55 0 0 7 25 0 0 0 68 7 1318 485 0 354 0 0 0 0 32522740 20699164 11823576 0 49224 19056760 1463888 81504 13172916 16776936 17892 16759044 0 0 1712 0 0 2067040 0 16 8 0 1 0 0 1 0 0 0 0 2 2 0 16 16 0 2 2 0 0 88 90112 189 94304 18 96431 0
20070125 14:36:56 0 0 9 13 0 0 0 78 9 1121 546 0 354 3 0 0 0 32522740 20827132 11695608 0 49224 19175556 1473188 81508 13172916 16776936 17892 16759044 0 0 2648 0 0 2185824 0 0 230 0 14 0 0 0 0 0 0 0 0 0 0 0 0 0 0 0 0 0 116 118784 230 114856 23 117457 0
20070125 14:36:57 0 0 8 0 0 0 0 92 8 1227 508 0 354 0 0 0 0 32522740 20928572 11594168 0 49224 19269736 1480408 81512 13172916 16776936 17892 16759044 0 0 1712 0 0 2280036 0 0 13 0 1 0 0 0 0 0 0 0 0 0 0 0 0 0 0 0 0 0 92 94208 190 98337 18 100560 0
20070125 14:36:58 0 0 9 0 0 0 0 91 9 1213 508 0 354 0 0 0 0 32522740 21047676 11475064 0 49224 19380304 1488920 81516 13172916 16776936 17892 16759044 0 0 1712 0 0 2390628 0 0 234 0 15 0 0 0 0 0 0 0 0 0 0 0 0 0 0 0 0 0 108 110592 217 110701 21 113201 0
20070125 14:36:59 0 0 5 0 0 0 0 95 5 1069 352 0 354 0 0 0 0 32522740 21118236 11404504 0 49224 19445856 1493932 81520 13172916 16776936 17892 16759044 0 0 1692 0 0 2456164 0 0 9 0 1 0 0 0 0 0 0 0 0 0 0 0 0 0 0 0 0 0 64 65536 130 65602 12 67082 0
20070125 14:37:00 0 0 6 0 0 0 0 94 6 1234 388 0 354 0 0 0 0 32522740 21197660 11325080 0 49224 19519568 1499612 81524 13172916 16776936 17892 16759044 0 0 1692 0 0 2529892 0 0 15 1 1 0 0 0 0 0 0 0 0 0 0 0 0 0 0 0 0 0 72 73728 144 73800 14 75467 0
20070125 14:37:01 0 0 7 0 0 0 0 93 7 1093 449 0 354 0 0 0 0 32522740 21294492 11228248 0 49224 19609736 1506340 81528 13172916 16776936 17892 16759044 0 0 1692 0 0 2620004 0 0 164 0 10 0 0 0 0 0 0 0 0 0 0 0 0 0 0 0 0 0 88 90112 177 90201 17 92238 0
20070125 14:37:02 0 0 7 0 0 0 0 92 8 1266 485 0 354 0 0 0 0 32522740 21400348 11122392 0 49224 19707996 1513900 81532 13172916 16776936 17892 16759044 0 0 1692 0 0 2718308 0 0 180 0 12 0 0 0 0 0 0 0 0 0 0 0 0 0 0 0 0 0 96 98304 189 96840 18 99019 0
20070125 14:37:03 0 0 7 0 0 0 0 93 7 1097 483 0 354 0 0 0 0 32522740 21506332 11016408 0 49224 19806324 1521464 81532 13172916 16776936 17892 16759044 0 0 1692 0 0 2816612 0 0 9 0 1 0 0 0 0 0 0 0 0 0 0 0 0 0 0 0 0 0 96 98304 191 97962 18 100166 0
20070125 14:37:04 0 0 7 0 0 0 0 93 7 1114 481 0 354 1 0 0 0 32522740 21608092 10914648 0 49224 19900912 1528744 81532 13172916 16776936 17892 16759044 0 0 2044 0 0 2911156 0 32 10 0 1 0 0 0 0 0 0 0 8 8 0 32 32 0 0 0 0 0 92 94208 184 92731 18 94813 0
20070125 14:37:05 0 0 8 0 0 0 0 92 8 1288 534 0 354 0 0 0 0 32522740 21722396 10800344 0 49224 20006992 1536892 81532 13172916 16776936 17892 16759044 0 0 1664 0 0 3017316 0 0 221 1 14 0 0 0 0 0 0 0 0 0 0 0 0 0 0 0 0 0 104 106602 211 110158 19 112651 0
20070125 14:37:06 0 0 8 0 0 0 0 92 8 1111 534 0 354 0 0 0 0 32522740 21832668 10690072 0 49224 20109400 1544772 81532 13172916 16776936 17892 16759044 0 0 1664 0 0 3119716 0 0 26 0 2 0 0 0 0 0 0 0 0 0 0 0 0 0 0 0 0 0 100 102400 200 102500 19 104816 0
20070125 14:37:07 2 0 8 0 0 0 0 90 10 1278 529 0 354 1 0 0 0 32522740 21943004 10579736 0 49224 20211876 1552660 81532 13172916 16776936 17892 16759044 0 0 1724 0 0 3222172 0 0 208 0 13 0 0 0 0 0 0 0 0 0 0 0 0 0 0 0 0 0 100 102400 197 98405 20 100624 0
20070125 14:37:08 0 0 7 0 0 0 0 93 7 1103 475 0 354 1 0 0 0 32522740 22045020 10477720 0 49224 20306600 1559944 81532 13172916 16776936 17892 16759044 0 0 2220 0 0 3316884 0 0 17 0 1 0 0 0 0 0 0 0 0 0 0 0 0 0 0 0 0 0 92 94208 185 96813 17 98993 0
20070125 14:37:09 0 0 7 7 0 0 0 86 7 1234 476 0 354 0 0 0 0 32522740 22141564 10381176 0 49224 20396156 1566868 81532 13172916 16776936 17892 16759044 0 0 5760 0 0 3406436 0 0 24 0 2 0 0 0 0 0 0 0 0 0 0 0 0 0 0 0 0 0 88 90112 174 87647 16 89626 0
20070125 14:37:10 0 0 8 8 0 0 0 84 8 1230 531 0 354 0 0 0 0 32522740 22251836 10270904 0 49224 20498564 1574768 81532 13172916 16776936 17892 16759044 0 0 1340 0 0 3508836 0 324 205 0 14 0 0 0 0 0 0 0 64 64 0 324 324 0 17 17 0 0 100 102400 207 106600 20 109008 0
20070125 14:37:11 0 0 9 0 0 0 0 91 9 1119 564 0 354 1 0 0 0 32522740 22378812 10143928 0 49224 20616544 1583844 81532 13172916 16776936 17892 16759044 0 0 4648 0 0 3626820 0 0 15 0 1 0 0 0 0 0 0 0 0 0 0 0 0 0 0 0 0 0 115 117760 223 112237 22 114757 0
20070125 14:37:12 0 0 8 0 0 0 0 92 8 1297 523 0 354 0 0 0 0 32522740 22494396 10028344 0 49224 20723848 1592096 81532 13172916 16776936 17892 16759044 0 0 1340 0 0 3734116 0 0 204 0 13 0 0 0 0 0 0 0 0 0 0 0 0 0 0 0 0 0 105 107520 219 113225 20 115785 0
20070125 14:37:13 0 0 6 0 0 0 0 94 6 1088 431 0 354 0 0 0 0 32522740 22586908 9935832 0 49224 20809800 1598664 81532 13172916 16776936 17892 16759044 0 0 1340 0 0 3820132 0 0 11 0 1 0 0 0 0 0 0 0 0 0 0 0 0 0 0 0 0 0 84 86016 168 86100 16 88045 0
20070125 14:37:14 0 0 9 0 0 0 0 91 9 1344 622 0 354 0 0 0 0 32522740 22719260 9803480 0 49224 20932744 1608200 81532 13172916 16776936 17892 16759044 0 0 0 0 0 3943012 0 1340 210 0 13 0 0 0 0 0 0 0 26 26 0 1340 1340 0 309 309 0 0 120 122880 239 123001 23 125779 0
20070125 14:37:15 0 0 7 0 0 0 0 93 7 1081 483 0 354 1 0 0 0 32522740 22829660 9693080 0 49224 21035084 1616080 81532 13172916 16776936 17892 16759044 0 0 0 0 0 4045412 0 0 5 0 0 0 0 2 0 0 0 0 0 0 0 0 0 0 0 0 0 0 99 102297 195 99165 19 101387 0
20070125 14:37:16 0 0 7 0 0 0 0 93 7 1327 453 0 354 0 0 0 0 32522740 22922204 9600536 0 49224 21121104 1622712 81532 13172916 16776936 17892 16759044 0 0 0 0 0 4131428 0 0 5 0 0 0 0 0 0 0 0 0 0 0 0 0 0 0 0 0 0 0 84 86016 173 89306 16 91324 0
20070125 14:37:17 0 0 9 0 0 0 0 91 9 1123 524 0 354 0 0 0 0 32522740 23049852 9472888 0 49224 21239900 1631812 81532 13172916 16776936 17892 16759044 0 0 0 0 0 4250212 0 0 259 0 16 0 0 0 0 0 0 0 0 0 0 0 0 0 0 0 0 0 116 118902 232 119019 22 121708 0
20070125 14:37:18 0 0 8 0 0 0 0 92 8 1101 396 0 354 1 0 0 0 32522740 23153980 9368760 0 49224 21336528 1639248 81532 13172916 16776936 17892 16759044 0 0 2408 0 0 4346804 0 0 11 0 2 0 0 0 0 0 0 0 0 0 0 0 0 0 0 0 0 0 93 96159 185 94120 19 96231 0
20070125 14:37:19 0 0 9 7 0 0 0 84 9 1263 474 0 354 1 0 0 0 32522740 23272332 9250408 0 49228 21446412 1647776 81536 13172916 16776936 17892 16759044 0 0 1672 0 0 4456656 0 4 163 1 10 0 0 0 0 0 0 0 1 1 0 4 4 0 0 0 0 0 107 109568 217 109385 20 111843 0
20070125 14:37:20 0 0 8 25 0 0 0 67 8 1108 464 0 354 1 0 0 0 32522740 23369204 9153536 0 49228 21536240 1654796 81536 13172916 16776936 17892 16759044 0 0 1440 0 0 4546544 0 0 10 0 1 0 0 0 0 0 0 0 0 0 0 0 0 0 0 0 0 0 88 90112 200 89772 20 91770 0
20070125 14:37:21 0 0 10 25 0 0 0 65 10 1362 502 0 354 0 0 0 0 32522740 23488708 9034032 0 49228 21647216 1663332 81536 13172916 16776936 17892 16759044 0 0 1812 0 0 4657528 0 0 167 0 10 0 0 0 0 0 0 0 0 0 0 0 0 0 0 0 0 0 108 110592 228 112445 21 114979 0
20070125 14:37:22 0 0 8 25 0 0 0 67 8 1100 445 0 354 0 0 0 0 32522740 23588148 8934592 0 49228 21739628 1670488 81536 13172916 16776936 17892 16759044 0 0 4096 0 0 4749928 0 0 106 0 7 0 0 0 0 0 0 0 0 0 0 0 0 0 0 0 0 0 91 93184 192 90213 19 92240 0
20070125 14:37:23 0 0 8 24 0 0 0 68 8 1355 494 0 354 1 0 0 0 32522740 23684868 8837872 0 49228 21829388 1677408 81536 13172916 16776936 17892 16759044 0 0 3764 0 0 4839688 0 0 17 0 1 0 0 0 0 0 0 0 0 0 0 0 0 0 0 0 0 0 87 89088 194 90216 21 92239 0
20070125 14:37:24 0 0 10 24 0 0 0 66 10 1151 596 0 354 1 0 0 0 32522740 23810820 8711920 0 49228 21946348 1686408 81540 13172916 16776936 17892 16759044 0 0 1940 0 0 4956648 0 0 265 1 17 0 0 2 0 0 0 0 0 0 0 0 0 0 0 0 0 0 114 116736 245 117114 23 119737 0
20070125 14:37:25 0 0 8 24 0 0 0 67 8 1118 502 0 354 0 0 0 0 32522740 23917732 8605008 0 49228 22045628 1694036 81540 13172916 16776936 17892 16759044 0 0 2876 0 0 5055864 0 0 22 1 2 0 0 0 0 0 0 0 0 0 0 0 0 0 0 0 0 0 97 99328 204 100167 18 102427 0
20070125 14:37:26 0 0 6 25 0 0 0 70 6 1321 359 0 354 0 0 0 0 32522740 23989540 8533200 0 49228 22112336 1699172 81540 13172916 16776936 17892 16759044 0 0 4096 0 0 5122664 0 0 256 0 16 0 0 0 0 0 0 0 0 0 0 0 0 0 0 0 0 0 66 67584 139 65610 14 67083 0
20070125 14:37:27 0 0 4 25 0 0 0 72 4 1067 261 0 354 0 0 0 0 32522740 24033700 8489040 0 49228 22153340 1702352 81540 13172916 16776936 17892 16759044 0 0 4116 0 0 5163632 0 0 28 0 2 0 0 0 0 0 0 0 0 0 0 0 0 0 0 0 0 0 40 40960 85 41005 8 41927 0
20070125 14:37:28 0 0 10 24 0 0 0 65 11 1308 613 0 354 1 0 0 0 32522740 24162804 8359936 0 49228 22273156 1711588 81540 13172916 16776936 17892 16759044 0 0 1056 0 0 5283440 0 0 27 0 2 0 0 1 0 0 0 0 0 0 0 0 0 0 0 0 0 0 116 118784 256 120397 26 123092 0
20070125 14:37:29 0 0 10 25 0 0 0 66 10 1146 591 0 354 1 0 0 0 32522740 24287636 8235104 0 49228 22389164 1720464 81540 13172916 16776936 17892 16759044 0 0 2388 0 0 5399488 0 0 186 1 12 0 0 0 0 0 0 0 0 0 0 0 0 0 0 0 0 0 114 116736 240 117403 23 120048 0
20070125 14:37:30 0 0 9 25 0 0 0 66 9 1307 572 0 354 0 0 0 0 32522740 24399836 8122904 0 49228 22493272 1728480 81540 13172916 16776936 17892 16759044 0 0 28 0 0 5503600 0 0 30 0 3 0 0 0 0 0 0 0 0 0 0 0 0 0 0 0 0 0 102 104448 282 106660 28 109005 0
20070125 14:37:31 0 0 7 6 0 0 0 86 7 1101 430 0 354 0 0 0 0 32522740 24496860 8025880 0 49228 22583372 1735412 81540 13172916 16776936 17892 16759044 0 0 20 0 0 5593712 0 0 206 0 13 0 0 0 0 0 0 0 0 0 0 0 0 0 0 0 0 0 88 90112 178 90202 17 92238 0
20070125 14:37:32 0 0 9 0 0 0 0 91 9 1122 524 0 354 0 0 0 0 32522740 24620444 7902296 0 49228 22698088 1744236 81540 13172916 16776936 17892 16759044 0 0 36 0 0 5708400 0 44 16 0 1 0 0 0 0 0 0 0 3 3 0 44 44 0 8 8 0 0 112 114688 225 114801 21 117394 0
20070125 14:37:33 0 0 9 0 0 0 0 90 10 1361 516 0 354 1 0 0 0 32522740 24746236 7776504 0 49228 22815048 1753080 81540 13172916 16776936 17892 16759044 0 0 2268 0 0 5825304 0 0 236 0 15 0 0 0 0 0 0 0 0 0 0 0 0 0 0 0 0 0 114 116736 224 114145 22 116712 0
20070125 14:37:34 0 0 7 0 0 0 0 93 7 1095 401 0 354 0 0 0 0 32522740 24836348 7686392 0 49228 22898756 1759524 81540 13172916 16776936 17892 16759044 0 0 36 0 0 5909104 0 0 41 0 2 0 0 0 0 0 0 0 0 0 0 0 0 0 0 0 0 0 82 83968 169 86720 16 88680 0
20070125 14:37:35 0 0 7 0 0 0 0 93 7 1265 414 0 354 1 0 0 0 32522740 24929020 7593720 0 49228 22984776 1766144 81540 13172916 16776936 17892 16759044 0 0 1176 0 0 5995120 0 0 18 1 1 0 0 0 0 0 0 0 0 0 0 0 0 0 0 0 0 0 84 86016 163 82002 16 83853 0
20070125 14:37:36 0 0 10 0 0 0 0 90 10 1135 573 0 354 0 0 0 0 32522740 25061372 7461368 0 49228 23107652 1775596 81540 13172916 16776936 17892 16759044 0 0 36 0 0 6118000 0 0 192 0 12 0 0 0 0 0 0 0 0 0 0 0 0 0 0 0 0 0 120 122880 247 127099 23 129971 0
20070125 14:37:37 0 0 8 18 0 0 0 73 8 1117 474 0 354 1 0 0 0 32522740 25166860 7355880 0 49228 23205708 1783088 81540 13172916 16776936 17892 16759044 0 0 3800 0 0 6215952 0 0 30 0 2 0 0 0 0 0 0 0 0 0 0 0 0 0 0 0 0 0 95 97280 194 94309 19 96432 0
20070125 14:37:38 0 0 8 25 0 0 0 67 8 1117 445 0 354 1 0 0 0 32522740 25272612 7250128 0 49228 23303832 1790664 81540 13172916 16776936 17892 16759044 0 0 3632 0 0 6314088 0 0 33 0 2 0 0 0 0 0 0 0 0 0 0 0 0 0 0 0 0 0 96 98304 206 98412 21 100625 0
20070125 14:37:39 0 0 8 25 0 0 0 66 8 1109 449 0 354 0 0 0 0 32522740 25383396 7139344 0 49228 23406716 1798580 81544 13172916 16776936 17892 16759044 0 0 4132 0 0 6417008 0 0 31 0 2 0 0 0 0 0 0 0 0 0 0 0 0 0 0 0 0 0 101 103424 209 102508 19 104817 0
20070125 14:37:40 0 0 4 11 0 0 0 85 4 1076 247 0 354 0 0 0 0 32522740 25427492 7095248 0 49228 23447652 1801728 81544 13172916 16776936 17892 16759044 0 0 36 0 0 6457968 0 0 28 0 2 0 0 0 0 0 0 0 0 0 0 0 0 0 0 0 0 0 40 40960 88 45100 8 46119 0
20070125 14:37:41 0 0 6 0 0 0 0 94 6 1076 326 0 354 1 0 0 0 32522740 25514084 7008656 0 49228 23528096 1807888 81544 13172916 16776936 17892 16759044 0 0 2624 0 0 6538344 0 0 7 0 0 0 0 1 0 0 0 0 0 0 0 0 0 0 0 0 0 0 78 79872 153 77901 15 79617 0
20070125 14:37:42 0 0 7 0 0 0 0 93 7 1097 398 0 354 0 0 0 0 32522740 25608356 6914384 0 49228 23615612 1814620 81544 13172916 16776936 17892 16759044 0 0 36 0 0 6625904 0 0 4 0 0 0 0 0 0 0 0 0 0 0 0 0 0 0 0 0 0 0 86 88152 175 90289 16 92330 0
20070125 14:37:43 0 0 9 0 0 0 0 91 9 1109 464 0 354 0 0 0 0 32522740 25727460 6795280 0 49228 23726180 1823128 81544 13172916 16776936 17892 16759044 0 0 36 0 0 6736496 0 0 10 0 1 0 0 0 0 0 0 0 0 0 0 0 0 0 0 0 0 0 108 110592 216 110700 21 113201 0
20070125 14:37:44 0 0 8 0 0 0 0 92 8 1109 413 0 354 0 0 0 0 32522740 25828900 6693840 0 49228 23820360 1830372 81544 13172916 16776936 17892 16759044 0 0 36 0 0 6830704 0 0 26 0 2 0 0 1 0 0 0 0 0 0 0 0 0 0 0 0 0 0 92 94302 184 94394 18 96527 0
20070125 14:37:45 0 0 9 0 0 0 0 91 9 1114 472 0 354 0 0 0 0 32522740 25947844 6574896 0 49228 23930996 1838752 81544 13172916 16776936 17892 16759044 0 0 36 0 0 6941296 0 0 9 1 1 0 0 0 0 0 0 0 0 0 0 0 0 0 0 0 0 0 107 110481 217 110589 21 113088 0
20070125 14:37:46 0 0 7 0 0 0 0 93 7 1095 377 0 354 1 0 0 0 32522740 26044484 6478256 0 49228 24020756 1845656 81544 13172916 16776936 17892 16759044 0 0 3760 0 0 7031000 0 0 16 0 1 0 0 0 0 0 0 0 0 0 0 0 0 0 0 0 0 0 87 89088 170 86102 17 88045 0
20070125 14:37:47 0 0 5 19 0 0 0 76 6 1085 354 0 354 0 0 0 0 32522740 26116244 6406496 0 49228 24087328 1850820 81544 13172916 16776936 17892 16759044 0 0 756 0 0 7097616 0 0 11 0 1 0 0 0 0 0 0 0 0 0 0 0 0 0 0 0 0 0 65 66560 138 69703 13 71275 0
20070125 14:37:48 0 0 10 25 0 0 0 65 10 1138 576 0 354 0 0 0 0 32522740 26256684 6266056 0 49228 24217684 1860876 81544 13172916 16776936 17892 16759044 0 0 4132 0 0 7228016 0 0 6 0 1 0 0 0 0 0 0 0 0 0 0 0 0 0 0 0 0 0 128 131072 263 127113 26 129973 0
20070125 14:37:49 0 0 7 25 0 0 0 68 7 1094 401 0 354 4 0 0 0 32522740 26352980 6169760 0 49228 24307104 1867792 81544 13172916 16776936 17892 16759044 0 0 3388 0 0 7317384 0 0 7 0 0 0 0 0 0 0 0 0 0 0 0 0 0 0 0 0 0 0 87 89088 187 90211 19 92239 0
20070125 14:37:50 0 0 9 24 0 0 0 66 9 1131 537 0 354 0 0 0 0 32522740 26468516 6054224 0 49228 24414340 1876244 81544 13172916 16776936 17892 16759044 0 0 4132 0 0 7424624 0 0 7 1 0 0 0 0 0 0 0 0 0 0 0 0 0 0 0 0 0 0 105 107520 221 106610 20 109010 0
20070125 14:37:51 0 0 8 24 0 0 0 68 8 1102 466 0 354 0 0 0 0 32522740 26561156 5961584 0 49228 24500292 1882896 81544 13172916 16776936 17892 16759044 0 0 4132 0 0 7510640 0 0 10 0 1 0 0 0 0 0 0 0 0 0 0 0 0 0 0 0 0 0 84 86016 184 86114 18 88047 0
20070125 14:37:52 0 0 8 24 0 0 0 67 9 1108 482 0 354 0 0 0 0 32522740 26658276 5864464 0 49228 24590460 1889864 81544 13172916 16776936 17892 16759044 0 0 36 0 0 7600752 0 0 4 0 0 0 0 0 0 0 0 0 0 0 0 0 0 0 0 0 0 0 88 90112 196 94310 19 96432 0
20070125 14:37:53 0 0 9 24 0 0 0 67 9 1114 514 0 354 1 0 0 0 32522740 26765780 5756960 0 49228 24690420 1897448 81544 13172916 16776936 17892 16759044 0 0 1684 0 0 7700696 0 0 3 0 0 0 0 0 0 0 0 0 0 0 0 0 0 0 0 0 0 0 96 99228 213 97916 23 100100 0
20070125 14:37:54 0 0 10 24 0 0 0 66 10 1110 504 0 354 0 1 0 0 32522740 26879700 5643040 0 49228 24796160 1905588 81544 13172916 16776936 17892 16759044 0 0 992 0 0 7806504 0 0 4 0 0 0 0 0 0 0 0 0 0 0 0 0 0 0 0 0 0 0 103 105472 214 106965 19 109379 0
20070125 14:37:55 0 0 8 24 0 0 0 68 8 1104 448 0 354 0 1 0 0 32522740 26973980 5548760 0 49228 24883812 1912272 81544 13172916 16776936 17892 16759044 0 0 2612 0 0 7894120 0 0 7 0 1 0 0 0 0 0 0 0 0 0 0 0 0 0 0 0 0 0 86 88064 181 86110 18 88047 0
20070125 14:37:56 0 0 7 25 0 0 0 68 7 1099 440 0 354 0 1 0 0 32522740 27059492 5463248 0 49228 24963236 1918388 81544 13172916 16776936 17892 16759044 0 0 868 0 0 7973544 0 0 8 0 0 0 0 0 0 0 0 0 0 0 0 0 0 0 0 0 0 0 78 79872 170 81240 17 83068 0
20070125 14:37:57 0 0 11 24 0 0 0 64 11 1150 647 0 354 0 1 0 0 32522740 27196132 5326608 0 49228 25090192 1928068 81544 13172916 16776936 17892 16759044 0 0 64 0 0 8100464 0 0 11 0 1 0 0 0 0 0 0 0 0 0 0 0 0 0 0 0 0 0 124 126976 265 127883 26 130760 0
20070125 14:37:58 0 0 9 24 0 0 0 67 9 1107 474 0 354 0 1 0 0 32522740 27301988 5220752 0 49228 25188452 1935628 81544 13172916 16776936 17892 16759044 0 0 4132 0 0 8198768 0 0 5 0 0 0 0 0 0 0 0 0 0 0 0 0 0 0 0 0 0 0 96 98304 194 94308 19 96432 0
20070125 14:37:59 0 0 9 24 0 0 0 66 9 1111 503 0 354 0 1 0 0 32522740 27407844 5114896 0 49228 25286780 1943192 81544 13172916 16776936 17892 16759044 0 0 4132 0 0 8297072 0 0 5 0 0 0 0 0 0 0 0 0 0 0 0 0 0 0 0 0 0 0 96 98304 202 98409 20 100624 0
20070125 14:38:00 0 0 8 24 0 0 0 67 8 1144 459 0 354 1 1 0 0 32522740 27503780 5018960 0 49228 25375860 1950056 81548 13172916 16776936 17892 16759044 0 0 3096 0 0 8386144 0 0 112 2 7 2 0 0 0 0 0 0 0 0 0 0 0 0 0 0 0 0 86 88064 187 90211 19 92239 0
20070125 14:38:01 0 0 4 25 0 0 0 72 4 1092 260 0 354 1 1 0 0 32522740 27548012 4974728 0 49228 25416864 1953184 81548 13172916 16776936 17892 16759044 0 0 3192 0 0 8427176 0 0 113 0 7 0 0 0 0 0 0 0 0 0 0 0 0 0 0 0 0 0 41 41984 88 41007 9 41927 0
20070125 14:38:02 0 0 4 25 0 0 0 72 4 1078 216 0 354 1 1 0 0 32522740 27592516 4930224 0 49228 25458276 1956364 81548 13172916 16776936 17892 16759044 0 0 3636 0 0 8468584 0 0 109 0 7 0 0 1 0 0 0 0 0 0 0 0 0 0 0 0 0 0 40 40960 79 40999 6 41927 0
20070125 14:38:03 0 0 9 25 0 0 0 66 9 1121 518 0 354 2 1 0 0 32522740 27703428 4819312 0 49228 25561228 1964268 81548 13172916 16776936 17892 16759044 0 0 36 0 0 8571504 0 0 12 0 1 0 0 0 0 0 0 0 0 0 0 0 0 0 0 0 0 0 101 103424 216 102990 21 105297 0
20070125 14:38:04 0 0 8 24 0 0 0 67 8 1115 472 0 354 0 1 0 0 32522740 27800452 4722288 0 49228 25651328 1971196 81548 13172916 16776936 17892 16759044 0 0 4132 0 0 8661616 0 0 15 0 1 0 0 0 0 0 0 0 0 0 0 0 0 0 0 0 0 0 88 90112 184 89691 18 91711 0
20070125 14:38:05 0 0 8 25 0 0 0 67 8 1104 464 0 354 0 1 0 0 32522740 27897476 4625264 0 49228 25741428 1978108 81552 13172916 16776936 17892 16759044 0 0 4132 0 0 8751728 0 0 11 1 1 0 0 0 0 0 0 0 0 0 0 0 0 0 0 0 0 0 88 90112 188 90209 18 92239 0
20070125 14:38:06 0 0 9 24 0 0 0 67 9 1125 545 0 354 1 1 0 0 32522740 28004044 4518696 0 49228 25840368 1985736 81552 13172916 16776936 17892 16759044 0 0 680 0 0 8850648 0 0 5 0 0 0 0 0 0 0 0 0 0 0 0 0 0 0 0 0 0 0 96 98304 217 99386 23 101599 0
20070125 14:38:07 2 0 10 23 0 0 0 65 12 1132 582 0 354 1 1 0 0 32522740 28121484 4401256 0 49228 25949440 1994140 81552 13172916 16776936 17892 16759044 0 0 3264 0 0 8959712 0 0 14 0 1 0 0 0 0 0 0 0 0 0 0 0 0 0 0 0 0 0 107 109568 226 109711 20 112183 0
20070125 14:38:08 0 0 8 25 0 0 0 68 8 1104 480 0 354 0 1 0 0 32522740 28215116 4307624 0 49228 26036344 2000828 81552 13172916 16776936 17892 16759044 0 0 4132 0 0 9046640 0 0 23 0 1 0 0 0 0 0 0 0 0 0 0 0 0 0 0 0 0 0 85 87040 179 86109 17 88047 0
20070125 14:38:09 0 0 8 24 0 0 0 67 8 1105 471 0 354 1 1 0 0 32522740 28313868 4208872 0 49228 26128076 2007876 81552 13172916 16776936 17892 16759044 0 0 1680 0 0 9138392 0 0 26 0 2 0 0 0 0 0 0 0 0 0 0 0 0 0 0 0 0 0 89 91136 193 93085 19 95166 0
20070125 14:38:10 0 0 9 24 0 0 0 66 10 1118 585 0 354 1 1 0 0 32522740 28427484 4095256 0 49228 26233544 2016004 81552 13172916 16776936 17892 16759044 0 0 632 0 0 9243808 0 0 24 0 2 0 0 0 0 0 0 0 0 0 0 0 0 0 0 0 0 0 103 105472 220 104741 22 107090 0
20070125 14:38:11 0 0 10 24 0 0 0 66 10 1118 566 0 354 0 1 0 0 32522740 28545948 3976792 0 49228 26343500 2024464 81552 13172916 16776936 17892 16759044 0 0 4132 0 0 9353840 0 0 9 0 1 0 0 0 0 0 0 0 0 0 0 0 0 0 0 0 0 0 108 110592 223 109629 21 112101 0
20070125 14:38:12 1 0 8 25 0 0 0 66 9 1093 507 5 354 4 1 0 0 32522740 28633820 3888920 0 49228 26424896 2030728 81552 13172900 16776936 17892 16759044 0 0 112 0 0 9435188 0 0 15 2 1 0 0 1 0 0 0 0 0 0 0 0 0 0 0 0 0 0 79 80896 179 82017 19 83855 0
20070125 14:38:13 0 0 11 19 0 0 0 70 11 1129 601 0 354 0 1 0 0 32522740 28762332 3760408 0 49228 26544236 2039916 81552 13172900 16776936 17892 16759044 0 0 44 0 0 9554548 0 0 13 0 1 0 0 0 0 0 0 0 0 0 0 0 0 0 0 0 0 0 117 119808 244 123002 22 125780 0
20070125 14:38:14 0 0 8 0 0 0 0 92 8 1093 445 0 354 0 1 0 0 32522740 28855004 3667736 0 49228 26630256 2046536 81552 13172900 16776936 17892 16759044 0 0 12 0 0 9640564 0 12 12 0 1 0 0 0 0 0 0 0 3 3 0 12 12 0 0 0 0 0 84 86016 170 86100 16 88045 0
20070125 14:38:15 0 0 9 0 0 0 0 91 9 1109 501 0 354 3 1 0 0 32522740 28965660 3557080 0 49228 26733072 2054444 81552 13172900 16776936 17892 16759044 0 0 392 0 0 9743300 0 0 12 0 1 0 0 0 0 0 0 0 0 0 0 0 0 0 0 0 0 0 100 102400 201 98490 21 100747 0
20070125 14:38:16 0 0 9 0 0 0 0 91 9 1104 503 0 354 0 1 0 0 32522740 29075484 3447256 0 49228 26835072 2062292 81552 13172900 16776936 17892 16759044 0 0 12 0 0 9845364 0 0 19 0 3 0 0 1 0 0 0 0 0 0 0 0 0 0 0 0 0 0 100 102400 206 106472 18 108885 0
20070125 14:38:17 0 0 10 0 0 0 0 90 10 1117 556 0 354 0 1 0 0 32522740 29198972 3323768 0 49236 26949712 2071088 81552 13172900 16776936 17892 16759044 0 0 148 0 0 9960052 0 164 9 0 1 0 0 0 0 0 0 0 6 6 0 164 164 0 35 35 0 0 112 114802 226 114915 22 117511 0
20070125 14:38:18 0 0 9 0 0 0 0 90 10 1106 505 0 354 0 1 0 0 32522740 29313596 3209144 0 49236 27056200 2079280 81552 13172900 16776936 17892 16759044 0 0 148 0 0 10066548 0 0 5 0 0 0 0 2 0 0 0 0 0 0 0 0 0 0 0 0 0 0 104 106496 209 106601 20 109008 0
20070125 14:38:19 0 0 8 5 0 0 0 86 8 1091 470 0 354 0 1 0 0 32522740 29415188 3107552 0 49236 27150448 2086552 81552 13172900 16776936 17892 16759044 0 0 4244 0 0 10160756 0 0 18 0 1 0 0 0 0 0 0 0 0 0 0 0 0 0 0 0 0 0 92 94208 187 90204 18 92238 0
20070125 14:38:20 0 0 9 25 0 0 0 66 9 1119 623 0 354 0 1 0 0 32522740 29529876 2992864 0 49236 27256936 2094744 81556 13172900 16776936 17892 16759044 0 0 4244 0 0 10267252 0 0 5 0 0 0 0 0 0 0 0 0 0 0 0 0 0 0 0 0 0 0 103 106389 285 106567 29 108909 0
20070125 14:38:21 0 0 8 25 0 0 0 68 8 1100 471 0 354 0 1 0 0 32522740 29621716 2901024 0 49236 27342208 2101308 81556 13172900 16776936 17892 16759044 0 0 3540 0 0 10352524 0 0 15 0 2 0 0 0 0 0 0 0 0 0 0 0 0 0 0 0 0 0 83 85077 179 86195 17 88135 0
20070125 14:38:22 0 0 11 9 0 0 0 79 11 1130 645 0 354 1 1 0 0 32522740 29758236 2764504 0 49236 27469028 2111068 81556 13172900 16776936 17892 16759044 0 0 3304 0 0 10479276 0 12 13 0 1 0 0 0 0 0 0 0 3 3 0 12 12 0 0 0 0 0 124 126976 253 127105 25 129972 0
20070125 14:38:23 0 0 8 0 0 0 0 92 8 1099 460 0 354 0 1 0 0 32522740 29851868 2670872 0 49236 27555932 2117756 81556 13172900 16776936 17892 16759044 0 0 136 0 0 10566260 0 0 25 0 2 0 0 0 0 0 0 0 0 0 0 0 0 0 0 0 0 0 85 87040 176 90200 16 92238 0
20070125 14:38:24 0 0 10 0 0 0 0 90 10 1122 578 0 354 0 1 0 0 32522740 29975452 2547288 0 49236 27670648 2126580 81556 13172900 16776936 17892 16759044 0 0 136 0 0 10680948 0 0 22 0 1 0 0 0 0 0 0 0 0 0 0 0 0 0 0 0 0 0 112 114688 231 114801 22 117394 0
20070125 14:38:25 0 0 7 0 0 0 0 93 7 1105 435 0 354 0 1 0 0 32522740 30063516 2459224 0 49236 27752520 2132808 81556 13172900 16776936 17892 16759044 0 0 144 0 0 10762872 0 0 29 4 3 0 0 0 0 0 0 0 0 0 0 0 0 0 0 0 0 0 80 81920 164 82001 16 83853 0
20070125 14:38:26 0 0 9 0 0 0 0 90 10 1114 555 0 354 0 1 0 0 32522740 30178140 2344600 0 49236 27859008 2141000 81556 13172900 16776936 17892 16759044 0 0 144 0 0 10869368 0 0 19 0 1 0 0 0 0 0 0 0 0 0 0 0 0 0 0 0 0 0 104 106496 209 106602 20 109009 0
20070125 14:38:27 0 0 10 0 0 0 0 90 10 1129 556 0 354 0 1 0 0 32522740 30297308 2225432 0 49236 27969644 2149516 81556 13172900 16776936 17892 16759044 0 0 168 0 0 10979972 0 0 41 0 3 0 0 0 0 0 0 0 0 0 0 0 0 0 0 0 0 0 107 110481 212 107667 21 107742 0
20070125 14:38:28 0 0 10 0 0 0 0 90 10 1126 553 0 354 0 1 0 0 32522740 30411996 2110744 0 49236 28076132 2157708 81556 13172900 16776936 17892 16759044 0 0 168 0 0 11086468 0 0 33 0 2 0 0 0 0 0 0 0 0 0 0 0 0 0 0 0 0 0 104 106496 210 109241 20 111703 0
20070125 14:38:29 0 0 8 6 0 0 0 86 8 1117 503 0 354 0 1 0 0 32522740 30513292 2009448 0 49236 28170380 2164872 81556 13172900 16776936 17892 16759044 0 0 4264 0 0 11180676 0 0 31 1 2 0 0 0 0 0 0 0 0 0 0 0 0 0 0 0 0 0 92 94208 186 90415 18 92452 0
20070125 14:38:30 0 0 7 25 0 0 0 68 7 1104 474 0 354 0 1 0 0 32522740 30597828 1924912 0 49240 28248780 2170960 81556 13172900 16776936 17892 16759044 0 0 764 0 0 11259060 0 68 30 0 2 0 0 0 0 0 0 0 5 5 0 68 68 0 12 12 0 0 76 77824 170 82009 17 83854 0
20070125 14:38:31 0 0 10 25 0 0 0 65 10 1134 644 0 354 0 1 0 0 32522740 30725084 1797656 0 49240 28366964 2180080 81556 13172900 16776936 17892 16759044 0 0 4284 0 0 11377284 0 0 39 0 3 0 0 0 0 0 0 0 0 0 0 0 0 0 0 0 0 0 116 118784 242 114813 23 117396 0
20070125 14:38:32 0 0 8 25 0 0 0 67 8 1112 500 0 354 0 1 0 0 32522740 30822172 1700568 0 49240 28457064 2187012 81556 13172900 16776936 17892 16759044 0 0 4284 0 0 11467396 0 0 36 0 2 0 0 0 0 0 0 0 0 0 0 0 0 0 0 0 0 0 88 90112 189 90210 18 92239 0
20070125 14:38:33 0 0 9 19 0 0 0 71 10 1120 561 0 354 0 1 0 0 32522740 30936796 1585944 0 49240 28563552 2195184 81556 13172900 16776936 17892 16759044 0 0 188 0 0 11573892 0 0 31 0 2 0 0 0 0 0 0 0 0 0 0 0 0 0 0 0 0 0 104 106496 226 110707 22 113202 0
20070125 14:38:34 0 0 10 0 0 0 0 90 10 1130 556 0 354 1 1 0 0 32522740 31056220 1466520 0 49240 28674256 2203764 81556 13172900 16776936 17892 16759044 0 0 300 0 0 11684596 0 0 37 1 2 0 0 0 0 0 0 0 0 0 0 0 0 0 0 0 0 0 108 110592 216 106797 22 109197 0
20070125 14:38:35 0 0 5 0 0 0 0 94 6 1076 334 0 354 0 1 0 0 32522740 31122140 1400600 0 49240 28735592 2208484 81556 13172900 16776936 17892 16759044 0 0 188 0 0 11745924 0 0 25 0 2 0 0 0 0 0 0 0 0 0 0 0 0 0 0 0 0 0 60 61440 124 65366 11 66848 0
20070125 14:38:36 0 0 9 0 0 0 0 91 9 1117 520 0 354 0 1 0 0 32522740 31228124 1294616 0 49240 28833920 2216044 81556 13172900 16776936 17892 16759044 0 0 188 0 0 11844228 0 0 22 0 2 0 0 0 0 0 0 0 0 0 0 0 0 0 0 0 0 0 96 98304 195 98400 19 100623 0
20070125 14:38:37 0 0 9 2 0 0 0 88 9 1125 489 0 354 1 1 0 0 32522740 31338172 1184568 0 49240 28936328 2223792 81556 13172900 16776936 17892 16759044 0 0 188 0 0 11946636 0 0 25 0 2 0 0 0 0 0 0 0 0 0 0 0 0 0 0 0 0 0 100 102400 206 102503 21 104816 0
20070125 14:38:38 0 0 0 6 0 0 0 94 0 1043 138 0 353 0 1 0 0 32522740 31337996 1184744 0 49240 28936328 2223708 81368 13171824 16776936 17892 16759044 0 0 188 0 0 11946636 0 0 32 3 2 1 0 0 0 0 0 0 0 0 0 0 0 0 0 0 0 0 0 0 19 12 4 1 0
20070125 14:38:39 0 0 0 0 0 0 0 100 0 1021 68 0 353 0 1 0 0 32522740 31337964 1184776 0 49240 28936328 2223676 81368 13171824 16776936 17892 16759044 0 0 188 0 0 11946636 0 0 16 0 1 0 0 0 0 0 0 0 0 0 0 0 0 0 0 0 0 0 0 0 2 0 0 0 0
20070125 14:38:40 0 0 0 0 0 0 0 100 0 1026 72 0 353 0 1 0 0 32522740 31337900 1184840 0 49240 28936328 2223612 81368 13171824 16776936 17892 16759044 0 0 188 0 0 11946636 0 0 28 0 2 0 0 0 0 0 0 0 0 0 0 0 0 0 0 0 0 0 0 0 3 0 0 0 0
20070125 14:38:41 0 0 0 0 0 0 0 100 0 1021 54 0 353 0 1 0 0 32522740 31337836 1184904 0 49240 28936328 2223536 81372 13171824 16776936 17892 16759044 0 0 188 0 0 11946636 0 0 29 0 2 0 0 1 0 0 0 0 0 0 0 0 0 0 0 0 0 0 0 0 0 0 0 0 0
20070125 14:38:42 0 0 0 0 0 0 0 100 0 1015 52 0 353 0 1 0 0 32522740 31337772 1184968 0 49240 28936328 2223472 81372 13171824 16776936 17892 16759044 0 0 188 0 0 11946636 0 0 27 0 2 0 0 1 0 0 0 0 0 0 0 0 0 0 0 0 0 0 0 0 2 0 0 0 0
20070125 14:38:43 0 0 0 0 0 0 0 100 0 1020 66 0 353 0 1 0 0 32522740 31337772 1184968 0 49240 28936328 2223476 81372 13171824 16776936 17892 16759044 0 0 188 0 0 11946632 0 12 14 1 1 0 0 0 0 0 0 0 2 2 0 12 12 0 1 1 0 0 0 0 2 0 0 0 0
20070125 14:38:44 0 0 0 0 0 0 0 100 0 1022 66 0 353 0 0 0 0 32522740 31337708 1185032 0 49240 28936328 2223416 81372 13171824 16776936 17892 16759044 0 0 180 0 0 11946632 0 0 18 0 1 0 0 1 0 0 0 0 0 0 0 0 0 0 0 0 0 0 0 0 5 0 1 0 0
20070125 14:38:45 0 0 0 0 0 0 0 100 0 1018 64 0 353 0 0 0 0 32522740 31337548 1185192 0 49240 28936328 2223216 81372 13171824 16776936 17892 16759044 0 0 180 0 0 11946632 0 0 20 1 2 0 0 0 0 0 0 0 0 0 0 0 0 0 0 0 0 0 0 0 1 0 0 0 0
20070125 14:38:46 0 0 0 0 0 0 0 100 0 1015 60 0 353 0 0 0 0 32522740 31337548 1185192 0 49240 28936328 2223216 81372 13171824 16776936 17892 16759044 0 0 180 0 0 11946632 0 0 13 0 1 0 0 0 0 0 0 0 0 0 0 0 0 0 0 0 0 0 0 0 1 0 0 0 0
20070125 14:38:47 0 0 0 0 0 0 0 100 0 1017 69 0 353 0 0 0 0 32522740 31337548 1185192 0 49240 28936328 2223232 81372 13171824 16776936 17892 16759044 0 0 180 0 0 11946632 0 0 12 0 1 0 0 0 0 0 0 0 0 0 0 0 0 0 0 0 0 0 0 0 2 0 0 0 0
20070125 14:38:48 0 0 0 0 0 0 0 100 0 1020 72 0 353 0 0 0 0 32522740 31337548 1185192 0 49240 28936328 2223236 81372 13171824 16776936 17892 16759044 0 0 180 0 0 11946632 0 0 15 0 1 0 0 0 0 0 0 0 0 0 0 0 0 0 0 0 0 0 0 0 2 0 0 0 0
20070125 14:38:49 0 0 0 0 0 0 0 100 0 1024 88 0 353 0 0 0 0 32522740 31337420 1185320 0 49240 28936328 2223096 81372 13171824 16776936 17892 16759044 0 0 176 0 0 11946632 0 8 16 1 1 0 0 1 0 0 0 0 2 2 0 8 8 0 0 0 0 0 0 0 5 0 1 0 0
20070125 14:38:50 0 0 0 0 0 0 0 100 0 1102 304 0 353 0 0 0 0 32522740 31337420 1185320 0 49240 28936328 2223096 81372 13171824 16776936 17892 16759044 0 0 176 0 0 11946632 0 0 23 8 2 1 0 0 0 0 0 0 0 0 0 0 0 0 0 0 0 0 0 0 0 0 0 0 0
20070125 14:38:51 0 0 0 0 0 0 0 100 0 1040 138 0 353 0 0 0 0 32522740 31337420 1185320 0 49240 28936328 2223096 81372 13171824 16776936 17892 16759044 0 0 176 0 0 11946632 0 0 61 29 5 3 0 1 0 0 0 0 0 0 0 0 0 0 0 0 0 0 0 0 3 0 0 0 0
20070125 14:38:52 0 0 10 0 0 0 0 90 10 1122 490 1 354 1 0 0 0 32522740 31338052 1184688 0 49240 28936328 2223396 81560 13172908 16776936 17892 16759044 0 0 63304 0 0 11946632 0 0 23 5 2 1 0 0 0 0 0 0 0 0 0 0 0 0 0 0 0 0 153 156672 186 91679 18 93739 0
20070125 14:38:53 0 0 29 0 0 0 0 71 29 1405 1776 0 354 1 0 0 0 32522740 31338372 1184368 0 49240 28936328 2223732 81560 13172908 16776936 17892 16759044 0 0 63544 0 0 11946632 0 0 18 5 2 1 0 0 0 0 0 0 0 0 0 0 0 0 0 0 0 0 396 405504 795 405746 76 414906 0
20070125 14:38:54 0 0 29 5 0 0 0 66 29 1407 1785 0 354 2 0 0 0 32522740 31338276 1184464 0 49240 28936328 2223700 81560 13172908 16776936 17892 16759044 0 0 64952 0 0 11946632 0 0 7 0 1 0 0 0 0 0 0 0 0 0 0 0 0 0 0 0 0 0 395 404480 790 404493 76 413633 0
20070125 14:38:55 0 0 28 25 0 0 0 47 28 1409 1780 0 354 0 0 0 0 32522740 31338500 1184240 0 49240 28936328 2223928 81560 13172908 16776936 17892 16759044 0 0 61616 0 0 11946632 0 0 13 0 1 0 0 0 0 0 0 0 0 0 0 0 0 0 0 0 0 0 392 401408 788 405895 74 415070 0
20070125 14:38:56 0 0 21 25 0 0 0 55 21 1299 1317 0 354 2 0 0 0 32522740 31338468 1184272 0 49240 28936328 2223832 81560 13172908 16776936 17892 16759044 0 0 62120 0 0 11946632 0 0 10 0 1 0 0 0 0 0 0 0 0 0 0 0 0 0 0 0 0 0 292 299008 584 295788 57 302449 0
20070125 14:38:57 0 0 29 23 0 0 0 47 29 1408 1936 0 354 1 0 0 0 32522740 31338332 1184408 0 49240 28936328 2223700 81560 13172908 16776936 17892 16759044 0 0 62736 0 0 11946632 0 0 6 0 0 0 0 0 0 0 0 0 0 0 0 0 0 0 0 0 0 0 384 393216 771 394258 75 403139 0
20070125 14:38:58 0 0 30 23 0 0 0 46 30 1419 2020 0 354 1 0 0 0 32522740 31338268 1184472 0 49240 28936328 2223700 81560 13172908 16776936 17892 16759044 0 0 65356 0 0 11946632 0 0 14 1 2 0 0 0 0 0 0 0 0 0 0 0 0 0 0 0 0 0 415 424960 829 425052 79 434657 0
20070125 14:38:59 0 0 29 24 0 0 0 47 29 1367 1727 0 354 1 1 0 0 32522740 31338268 1184472 0 49240 28936328 2223700 81560 13172908 16776936 17892 16759044 0 0 62468 0 0 11946632 0 0 7 0 1 0 0 0 0 0 0 0 0 0 0 0 0 0 0 0 0 0 369 377856 735 377198 69 385722 0
20070125 14:39:00 0 0 28 24 0 0 0 48 28 1364 1683 0 354 1 1 0 0 32522740 31338716 1184024 0 49240 28936328 2224084 81560 13172908 16776936 17892 16759044 0 0 64648 0 0 11946632 0 0 8 0 0 0 0 0 0 0 0 0 0 0 0 0 0 0 0 0 0 0 355 364179 709 364533 68 372771 0
20070125 14:39:01 0 0 27 25 0 0 0 48 27 1387 1679 0 354 1 1 0 0 32522740 31338524 1184216 0 49240 28936328 2223956 81560 13172908 16776936 17892 16759044 0 0 65588 0 0 11946632 0 0 13 0 1 0 0 0 0 0 0 0 0 0 0 0 0 0 0 0 0 0 371 379904 742 381300 71 389915 0
20070125 14:39:02 0 0 27 24 0 0 0 48 27 1355 1606 0 354 1 1 0 0 32522740 31338396 1184344 0 49240 28936328 2223764 81560 13172908 16776936 17892 16759044 0 0 64168 0 0 11946632 0 0 6 0 0 0 0 0 0 0 0 0 0 0 0 0 0 0 0 0 0 0 343 351232 687 351031 67 358945 0
20070125 14:39:03 0 0 30 24 0 0 0 46 30 1397 1877 0 354 1 1 0 0 32522740 31338332 1184408 0 49240 28936328 2223764 81560 13172908 16776936 17892 16759044 0 0 65548 0 0 11946632 0 0 18 0 1 0 0 0 0 0 0 0 0 0 0 0 0 0 0 0 0 0 381 390144 773 391038 75 399814 0
20070125 14:39:04 0 0 30 23 0 0 0 46 31 1395 1913 0 354 1 1 0 0 32522740 31338332 1184408 0 49240 28936328 2223700 81560 13172908 16776936 17892 16759044 0 0 64532 0 0 11946632 0 0 11 0 1 0 0 0 0 0 0 0 0 0 0 0 0 0 0 0 0 0 391 400384 783 401219 75 410271 0
20070125 14:39:05 0 0 30 23 0 0 0 47 30 1394 1935 0 354 1 1 0 0 32522740 31338332 1184408 0 49240 28936328 2223700 81560 13172908 16776936 17892 16759044 0 0 61676 0 0 11946632 0 0 18 1 2 0 0 0 0 0 0 0 0 0 0 0 0 0 0 0 0 0 394 403456 789 402532 76 411611 0
20070125 14:39:06 0 0 30 24 0 0 0 46 30 1400 1928 0 354 1 1 0 0 32522740 31338268 1184472 0 49240 28936328 2223700 81560 13172908 16776936 17892 16759044 0 0 65196 0 0 11946632 0 0 15 0 1 0 0 0 0 0 0 0 0 0 0 0 0 0 0 0 0 0 387 396288 779 397477 75 406459 0
20070125 14:39:07 2 0 31 24 0 0 0 44 32 1369 1760 0 354 1 1 0 0 32522740 31338396 1184344 0 49240 28936328 2223836 81560 13172908 16776936 17892 16759044 0 0 65672 0 0 11946632 0 0 29 0 2 0 0 0 0 0 0 0 0 0 0 0 0 0 0 0 0 0 376 385024 754 385359 72 394056 0
20070125 14:39:08 0 0 25 25 0 0 0 50 25 1349 1524 0 354 1 1 0 0 32522740 31338396 1184344 0 49240 28936328 2223772 81560 13172908 16776936 17892 16759044 0 0 65672 0 0 11946632 0 0 15 0 1 0 0 0 0 0 0 0 0 0 0 0 0 0 0 0 0 0 324 331776 654 332104 64 339603 0
20070125 14:39:09 0 0 29 24 0 0 0 47 30 1387 1862 0 354 1 1 0 0 32522740 31338396 1184344 0 49240 28936328 2223772 81560 13172908 16776936 17892 16759044 0 0 61640 0 0 11946632 0 0 18 0 1 0 0 0 0 0 0 0 0 0 0 0 0 0 0 0 0 0 380 389120 763 391635 73 400476 0
20070125 14:39:10 0 0 30 24 0 0 0 47 30 1389 1869 0 354 1 1 0 0 32522740 31338332 1184408 0 49240 28936328 2223772 81560 13172908 16776936 17892 16759044 0 0 65308 0 0 11946632 0 0 18 1 1 0 0 0 0 0 0 0 0 0 0 0 0 0 0 0 0 0 380 389120 791 387348 75 396073 0
20070125 14:39:11 0 0 28 24 0 0 0 47 29 1397 1837 0 354 1 1 0 0 32522740 31338268 1184472 0 49240 28936328 2223708 81560 13172908 16776936 17892 16759044 0 0 61076 0 0 11946632 0 0 32 0 2 0 0 0 0 0 0 0 0 0 0 0 0 0 0 0 0 0 372 380928 759 381680 75 390288 0
20070125 14:39:12 0 0 30 24 0 0 0 46 30 1426 1968 0 354 1 1 0 0 32522740 31338332 1184408 0 49240 28936328 2223708 81560 13172908 16776936 17892 16759044 0 0 63636 0 0 11946632 0 0 38 0 3 0 0 0 0 0 0 0 0 0 0 0 0 0 0 0 0 0 402 411648 815 412043 78 421345 0
20070125 14:39:13 0 0 31 23 0 0 0 46 31 1418 1971 0 354 1 1 0 0 32522740 31338268 1184472 0 49240 28936328 2223676 81560 13172908 16776936 17892 16759044 0 0 62508 0 0 11946632 0 0 31 0 2 0 0 0 0 0 0 0 0 0 0 0 0 0 0 0 0 0 407 416768 818 416685 79 426086 0
20070125 14:39:14 0 0 30 23 0 0 0 46 30 1408 1951 0 354 1 1 0 0 32522740 31338268 1184472 0 49240 28936328 2223676 81560 13172908 16776936 17892 16759044 0 0 65004 0 0 11946632 0 0 21 0 2 0 0 0 0 0 0 0 0 0 0 0 0 0 0 0 0 0 399 408576 797 408063 76 417270 0
20070125 14:39:15 0 0 30 23 0 0 0 46 30 1412 1981 0 354 1 1 0 0 32522740 31338268 1184472 0 49240 28936328 2223676 81560 13172908 16776936 17892 16759044 0 0 62980 0 0 11946632 0 0 15 0 1 0 0 0 0 0 0 0 0 0 0 0 0 0 0 0 0 0 402 411648 806 412747 78 422049 0
20070125 14:39:16 0 0 28 24 0 0 0 47 29 1391 1722 0 354 1 1 0 0 32522740 31338428 1184312 0 49240 28936328 2223836 81560 13172908 16776936 17892 16759044 0 0 65584 0 0 11946632 0 0 18 1 2 0 0 0 0 0 0 0 0 0 0 0 0 0 0 0 0 0 374 382976 737 383489 68 392162 0
20070125 14:39:17 0 0 27 24 0 0 0 49 28 1381 1725 0 354 1 1 0 0 32522740 31338332 1184408 0 49240 28936328 2223752 81560 13172908 16776936 17892 16759044 0 0 64888 0 0 11946632 0 0 25 0 3 0 0 0 0 0 0 0 0 0 0 0 0 0 0 0 0 0 352 360448 719 360808 71 368929 0
20070125 14:39:18 0 0 29 23 0 0 0 48 29 1387 1869 0 354 1 1 0 0 32522740 31338332 1184408 0 49240 28936328 2223752 81560 13172908 16776936 17892 16759044 0 0 64512 0 0 11946632 0 0 12 0 1 0 0 0 0 0 0 0 0 0 0 0 0 0 0 0 0 0 385 394240 765 393600 73 402492 0
20070125 14:39:19 0 0 23 29 0 0 0 47 23 1309 1646 0 354 0 1 0 0 32522740 31338140 1184600 0 49240 28936328 2223560 81560 13172908 16776936 17892 16759044 0 0 28848 0 0 11946632 0 0 11 0 1 0 0 0 0 0 0 0 0 0 0 0 0 0 0 0 0 0 268 274432 609 311602 59 318640 0
20070125 14:39:20 0 0 0 12 0 0 0 87 1 1103 419 0 353 0 1 0 0 32522740 31337996 1184744 0 49240 28936328 2223520 81372 13171832 16776936 17892 16759044 0 0 32 0 0 11946632 0 144 23 3 2 1 0 0 0 0 0 0 35 35 0 144 144 0 1 1 0 0 0 0 68 28736 8 29379 0
20070125 14:39:21 0 0 0 0 0 0 0 100 0 1023 72 0 353 0 1 0 0 32522740 31337996 1184744 0 49240 28936328 2223516 81372 13171832 16776936 17892 16759044 0 0 4 0 0 11946632 0 0 22 1 2 0 0 0 0 0 0 0 0 0 0 0 0 0 0 0 0 0 0 0 7 0 1 0 0
20070125 14:39:22 0 0 0 0 0 0 0 100 0 1021 58 0 353 0 1 0 0 32522740 31337996 1184744 0 49240 28936396 2223456 81400 13171832 16776936 17892 16759044 0 0 20 0 0 11946648 0 0 15 0 2 0 0 0 0 0 0 0 0 0 0 0 0 0 0 0 0 0 0 0 3 0 0 0 0
20070125 14:39:23 0 0 0 0 0 0 0 100 0 1022 62 0 353 0 1 0 0 32522740 31337996 1184744 0 49240 28936396 2223456 81400 13171832 16776936 17892 16759044 0 0 20 0 0 11946648 0 0 15 1 1 0 0 0 0 0 0 0 0 0 0 0 0 0 0 0 0 0 0 0 2 0 0 0 0
20070125 14:39:24 0 0 0 0 0 0 0 100 0 1014 58 0 353 0 1 0 0 32522740 31337996 1184744 0 49240 28936396 2223396 81400 13171832 16776936 17892 16759044 0 0 20 0 0 11946648 0 0 18 0 1 0 0 0 0 0 0 0 0 0 0 0 0 0 0 0 0 0 0 0 1 0 0 0 0
20070125 14:39:25 0 0 0 0 0 0 0 100 0 1028 74 0 353 0 1 0 0 32522740 31337868 1184872 0 49248 28936388 2223264 81400 13171832 16776936 17892 16759044 0 0 24 0 0 11946648 0 12 16 1 1 0 0 0 0 0 0 0 2 2 0 12 12 0 1 1 0 0 0 0 5 0 1 0 0
20070125 14:39:26 0 0 0 0 0 0 0 100 0 1022 66 0 353 0 1 0 0 32522740 31337868 1184872 0 49252 28936384 2223264 81400 13171832 16776936 17892 16759044 0 0 20 0 0 11946648 0 4 20 1 2 0 0 0 0 0 0 0 1 1 0 4 4 0 0 0 0 0 0 0 1 0 0 0 0
