################################### RECORDED ###################################
# Collectl:   V2.1.0  HiRes: 1  Options:  Subsys: cnd
################################################################################
# Collectl:   V2.6.2  HiRes: 1  Options: -s+CDN -ocz 
# Host:       server  DaemonOpts: 
# Distro:     1
# Date:       20061010-182524  Secs: 1160519124 TZ: -0400
# SubSys:     cndCDN SubOpts:  Options: cz  Interval: 1 NumCPUs: 4  Flags: 
# HZ:         1024  Arch: ia64-linux-thread-multi PageSize: 16384
# Cpu:         Speed(MHz):  Cores:   Siblings: 
# Kernel:     2.6.9-22.10hp.XCsmp  Memory: 33344448  Swap: 
# NumDisks:   2 DiskNames: sda sdb
# NumNets:    7 NetNames: lo eth0:?? eth1:?? eth2:?? eth3:?? eth4:?? sit0
# SCSI:       DA:0:00:00:00 DA:0:00:01:00 CD:4:00:00:00
################################################################################
#Date Time [CPU]User% [CPU]Nice% [CPU]Sys% [CPU]Wait% [CPU]Irq% [CPU]Soft% [CPU]Steal% [CPU]Idle% [CPU]Totl% [CPU]Intrpt/sec [CPU]Ctx/sec [CPU]Proc/sec [CPU]ProcQue [CPU]ProcRun [CPU]L-Avg1 [CPU]L-Avg5 [CPU]L-Avg15 [NET]RxPktTot [NET]TxPktTot [NET]RxKBTot [NET]TxKBTot [NET]RxCmpTot [NET]RxMltTot [NET]TxCmpTot [NET]RxErrsTot [NET]TxErrsTot [DSK]ReadTot [DSK]WriteTot [DSK]OpsTot [DSK]ReadKBTot [DSK]WriteKBTot [DSK]KbTot [DSK]ReadMrgTot [DSK]WriteMrgTot [DSK]MrgTot
20061010 18:25:25 0 0 0 0 0 0 0 100 0 4100 32 0 125 0 0 0 0 0 0 0 0 0 0 0 0 0 0 0 0 0 0 0 0 0 0
20061010 18:25:26 0 0 0 0 0 0 0 100 0 4123 34 0 125 0 0 0 0 0 0 0 0 0 0 0 0 0 0 0 0 0 0 0 0 0 0
20061010 18:25:27 0 0 0 0 0 0 0 100 0 4096 33 0 125 0 0 0 0 0 0 0 0 0 0 0 0 0 0 0 0 0 0 0 0 0 0
20061010 18:25:28 0 0 0 0 0 0 0 100 0 4124 42 0 125 0 0 0 0 0 0 0 0 0 0 0 0 0 0 0 0 0 0 0 0 0 0
20061010 18:25:29 0 0 0 0 0 0 0 100 0 4099 30 0 125 0 0 0 0 0 0 0 0 0 0 0 0 0 0 3 3 0 196 196 0 46 46
20061010 18:25:30 0 0 0 0 0 0 0 100 0 4123 41 0 125 0 0 0 0 0 0 0 0 0 0 0 0 0 0 0 0 0 0 0 0 0 0
20061010 18:25:31 0 0 0 0 0 0 0 100 0 4097 30 0 125 0 0 0 0 0 0 0 0 0 0 0 0 0 0 0 0 0 0 0 0 0 0
20061010 18:25:32 0 0 0 0 0 0 0 100 0 4124 38 0 125 0 0 0 0 0 0 0 0 0 0 0 0 0 0 0 0 0 0 0 0 0 0
20061010 18:25:33 0 0 0 0 0 0 0 100 0 4096 34 0 125 0 0 0 0 0 0 0 0 0 0 0 0 0 0 0 0 0 0 0 0 0 0
20061010 18:25:34 0 0 0 0 0 0 0 100 0 4124 42 0 125 0 0 0 0 0 0 0 0 0 0 0 0 0 0 0 0 0 0 0 0 0 0
20061010 18:25:35 0 0 0 0 0 0 0 100 0 4096 24 0 125 0 0 0 0 0 0 0 0 0 0 0 0 0 0 0 0 0 0 0 0 0 0
20061010 18:25:36 0 0 1 0 1 5 0 92 8 18099 4138 1 126 0 0 0 0 82943 3383 122031 219 0 0 0 0 0 0 0 0 0 0 0 0 0 0
20061010 18:25:37 0 0 3 0 1 8 0 87 13 26786 7019 0 126 0 0 0 0 141771 5487 208654 354 0 0 0 0 0 0 0 0 0 0 0 0 0 0
20061010 18:25:38 1 0 3 0 1 8 0 87 13 26853 6985 0 126 0 0 0 0 140623 5290 206940 341 0 0 0 0 0 0 0 0 0 0 0 0 0 0
20061010 18:25:39 0 0 3 0 1 8 0 87 13 25976 7021 0 126 1 0 0 0 141310 5654 208016 364 0 0 0 0 0 0 29 29 0 176 176 0 15 15
20061010 18:25:40 0 0 3 0 1 8 0 87 13 26771 7039 0 126 1 0 0 0 141541 5362 208298 346 0 0 0 0 0 0 0 0 0 0 0 0 0 0
20061010 18:25:41 0 0 3 0 1 7 0 88 12 26579 7074 0 126 0 0 0 0 142534 5557 209827 358 0 0 0 0 0 0 0 0 0 0 0 0 0 0
20061010 18:25:42 0 0 3 0 1 8 0 88 12 26868 7018 0 126 1 0 0 0 141557 5459 208329 352 0 0 0 0 0 0 0 0 0 0 0 0 0 0
20061010 18:25:43 1 0 3 0 1 9 0 87 13 26290 7021 0 126 1 0 0 0 141370 5503 208098 355 0 0 0 0 0 0 0 0 0 0 0 0 0 0
20061010 18:25:44 0 0 3 0 2 8 0 87 13 26502 6996 0 126 1 0 0 0 140528 5289 206856 341 0 0 0 0 0 0 2 2 0 12 12 0 1 1
20061010 18:25:45 0 0 3 0 1 8 0 87 13 26242 7075 0 126 0 0 0 0 141934 5502 208909 355 0 1 0 0 0 0 0 0 0 0 0 0 0 0
20061010 18:25:46 0 0 3 0 1 8 0 87 13 27195 6973 0 126 0 0 0 0 141726 5712 208568 368 0 0 0 0 0 0 0 0 0 0 0 0 0 0
20061010 18:25:47 0 0 3 0 1 8 0 88 12 26393 7038 0 126 0 0 0 0 142092 5563 209143 359 0 0 0 0 0 0 0 0 0 0 0 0 0 0
20061010 18:25:48 0 0 3 0 1 8 0 87 13 26560 6989 0 126 0 0 0 0 140900 5556 207413 358 0 0 0 0 0 0 0 0 0 0 0 0 0 0
20061010 18:25:49 0 0 3 0 2 8 0 87 13 26155 6918 0 126 0 0 0 0 140104 5808 206248 374 0 0 0 0 0 0 0 0 0 0 0 0 0 0
20061010 18:25:50 0 0 3 0 1 8 0 87 13 25930 7029 0 126 0 0 0 0 140564 5340 206959 344 0 0 0 0 0 0 0 0 0 0 0 0 0 0
20061010 18:25:51 0 0 3 0 1 8 0 88 12 26195 6985 0 126 0 0 0 0 140467 5569 206813 359 0 0 0 0 0 0 0 0 0 0 0 0 0 0
20061010 18:25:52 0 0 2 0 1 8 0 87 13 26708 7005 0 126 0 0 0 0 140704 5352 207092 345 0 0 0 0 0 0 0 0 0 0 0 0 0 0
20061010 18:25:53 0 0 3 0 1 8 0 87 13 26563 7071 0 126 1 0 0 0 142031 5357 209068 345 0 0 0 0 0 0 0 0 0 0 0 0 0 0
20061010 18:25:54 0 0 3 0 2 8 0 88 12 25950 7028 0 126 1 0 0 0 141280 5595 208024 361 0 0 0 0 0 0 0 0 0 0 0 0 0 0
20061010 18:25:55 0 0 3 0 1 8 0 88 12 25916 7015 0 126 1 0 0 0 140875 5553 207399 358 0 0 0 0 0 0 0 0 0 0 0 0 0 0
20061010 18:25:56 0 0 3 0 1 8 0 88 12 26009 7081 0 126 1 0 0 0 141958 5450 209025 351 0 0 0 0 0 0 0 0 0 0 0 0 0 0
20061010 18:25:57 0 0 3 0 1 8 0 88 12 25811 7054 0 126 1 0 0 0 141283 5304 207990 342 0 0 0 0 0 0 0 0 0 0 0 0 0 0
20061010 18:25:58 0 0 2 0 1 8 0 88 12 25315 7039 0 126 1 0 0 0 140438 5440 206819 351 0 0 0 0 0 0 0 0 0 0 0 0 0 0
20061010 18:25:59 0 0 3 0 2 8 0 87 13 26363 7087 0 126 1 0 0 0 142760 5613 210181 362 0 0 0 0 0 0 0 0 0 0 0 0 0 0
20061010 18:26:00 0 0 3 0 2 8 0 87 13 26716 7084 0 126 0 0 0 0 142218 5436 209324 350 0 0 0 0 0 0 0 0 0 0 0 0 0 0
20061010 18:26:01 0 0 3 0 2 8 0 88 12 26596 7000 0 126 0 0 0 0 141659 5686 208506 366 0 0 0 0 0 0 0 0 0 0 0 0 0 0
20061010 18:26:02 0 0 3 0 1 7 0 88 12 26093 7058 0 126 1 0 0 0 140777 5382 207223 347 0 0 0 0 0 0 0 0 0 0 0 0 0 0
20061010 18:26:03 0 0 3 0 1 8 0 87 13 26590 6979 0 126 1 0 0 0 141377 5636 208087 363 0 0 0 0 0 0 0 0 0 0 0 0 0 0
20061010 18:26:04 0 0 3 0 1 8 0 87 13 26119 7045 0 126 0 0 0 0 141351 5544 208079 357 0 0 0 0 0 0 0 0 0 0 0 0 0 0
20061010 18:26:05 0 0 3 0 2 8 0 87 13 27127 6897 0 126 0 0 0 0 140072 5552 206135 358 0 0 0 0 0 0 0 0 0 0 0 0 0 0
20061010 18:26:06 0 0 1 0 1 4 0 95 5 12981 2930 0 125 0 0 0 0 57750 2340 85015 151 0 0 0 0 0 0 3 3 0 16 16 0 1 1
20061010 18:26:07 0 0 0 0 0 0 0 100 0 4096 32 0 125 0 0 0 0 0 0 0 0 0 0 0 0 0 0 0 0 0 0 0 0 0 0
20061010 18:26:08 0 0 0 0 0 0 0 100 0 4124 40 0 125 0 0 0 0 0 0 0 0 0 0 0 0 0 0 0 0 0 0 0 0 0 0
20061010 18:26:09 0 0 0 0 0 0 0 100 0 4096 32 0 125 0 0 0 0 0 0 0 0 0 0 0 0 0 0 0 0 0 0 0 0 0 0
20061010 18:26:10 0 0 0 0 0 0 0 100 0 4124 36 0 125 0 0 0 0 0 0 0 0 0 0 0 0 0 0 0 0 0 0 0 0 0 0
20061010 18:26:11 0 0 0 0 0 0 0 100 0 4096 32 0 125 0 0 0 0 0 0 0 0 0 0 0 0 0 0 0 0 0 0 0 0 0 0
20061010 18:26:12 0 0 0 0 0 0 0 100 0 4124 44 0 125 0 0 0 0 0 0 0 0 0 0 0 0 0 0 0 0 0 0 0 0 0 0
20061010 18:26:13 0 0 0 0 0 0 0 100 0 4096 26 0 125 0 0 0 0 0 0 0 0 0 1 0 0 0 0 0 0 0 0 0 0 0 0
20061010 18:26:14 0 0 0 0 0 0 0 100 0 4123 42 0 125 0 0 0 0 0 0 0 0 0 0 0 0 0 0 0 0 0 0 0 0 0 0
20061010 18:26:15 0 0 0 0 0 0 0 100 0 4097 30 0 125 0 0 0 0 0 0 0 0 0 0 0 0 0 0 0 0 0 0 0 0 0 0
20061010 18:26:16 0 0 0 0 0 0 0 100 0 4124 36 0 125 0 0 0 0 0 0 0 0 0 0 0 0 0 0 0 0 0 0 0 0 0 0
20061010 18:26:17 0 0 0 0 0 0 0 100 0 4096 32 0 125 0 0 0 0 0 0 0 0 0 0 0 0 0 0 0 0 0 0 0 0 0 0
20061010 18:26:18 0 0 0 0 0 0 0 100 0 4124 44 0 125 0 0 0 0 0 0 0 0 0 0 0 0 0 0 0 0 0 0 0 0 0 0
20061010 18:26:19 0 0 1 0 0 2 0 97 3 9376 1570 1 126 1 0 0 0 31481 1558 46350 101 0 0 0 0 0 0 0 0 0 0 0 0 0 0
20061010 18:26:20 1 0 5 0 1 16 0 78 22 14367 16805 1 127 1 0 0 0 215247 12860 317214 829 0 0 0 0 0 0 0 0 0 0 0 0 0 0
20061010 18:26:21 1 0 6 0 0 21 0 72 28 9174 21906 0 127 0 0 0 0 252570 16240 372212 1047 0 0 0 0 0 0 0 0 0 0 0 0 0 0
20061010 18:26:22 1 0 6 0 1 20 0 72 28 9147 22154 0 127 2 0 0 0 253007 16352 372827 1054 0 0 0 0 0 0 0 0 0 0 0 0 0 0
20061010 18:26:23 1 0 5 0 1 21 0 73 27 9114 21842 0 127 2 0 0 0 252920 16272 372687 1049 0 0 0 0 0 0 0 0 0 0 0 0 0 0
20061010 18:26:24 1 0 6 0 0 20 0 73 27 9138 22258 0 127 1 0 0 0 253258 16176 373202 1043 0 0 0 0 0 0 0 0 0 0 0 0 0 0
20061010 18:26:25 1 0 6 0 1 20 0 73 27 9116 22185 0 127 2 0 0 0 251758 16320 370997 1052 0 0 0 0 0 0 0 0 0 0 0 0 0 0
20061010 18:26:26 1 0 6 0 0 21 0 72 28 9171 22380 0 127 2 0 0 0 254063 16736 374402 1079 0 0 0 0 0 0 0 0 0 0 0 0 0 0
20061010 18:26:27 1 0 6 0 1 20 0 72 28 9139 22599 0 127 0 0 0 0 253658 16656 373793 1074 0 0 0 0 0 0 0 0 0 0 0 0 0 0
20061010 18:26:28 1 0 5 0 1 21 0 72 28 9161 22341 0 127 0 0 0 0 253190 16560 373098 1067 0 0 0 0 0 0 0 0 0 0 0 0 0 0
20061010 18:26:29 1 0 6 0 1 20 0 72 28 9105 21921 0 127 2 0 0 0 252549 16080 372176 1036 0 0 0 0 0 0 2 2 0 12 12 0 1 1
20061010 18:26:30 1 0 6 0 1 20 0 72 28 9146 21711 0 127 2 0 0 0 253444 16336 373475 1053 0 0 0 0 0 0 0 0 0 0 0 0 0 0
20061010 18:26:31 1 0 6 0 1 20 0 73 27 9125 22252 0 127 0 0 0 0 253328 16432 373316 1059 0 0 0 0 0 0 0 0 0 0 0 0 0 0
20061010 18:26:32 1 0 6 0 1 21 0 72 28 9144 21813 0 127 2 0 0 0 253894 16304 374129 1051 0 0 0 0 0 0 0 0 0 0 0 0 0 0
20061010 18:26:33 1 0 6 0 1 20 0 72 28 9132 22309 0 127 2 0 0 0 253040 16544 372896 1066 0 0 0 0 0 0 0 0 0 0 0 0 0 0
20061010 18:26:34 1 0 6 0 1 21 0 72 28 9136 21714 0 127 0 0 0 0 252588 16176 372222 1043 0 0 0 0 0 0 0 0 0 0 0 0 0 0
20061010 18:26:35 1 0 5 0 1 20 0 73 27 9120 21905 0 127 1 0 0 0 253642 16368 373772 1055 0 0 0 0 0 0 0 0 0 0 0 0 0 0
20061010 18:26:36 1 0 6 0 1 21 0 72 28 9178 22842 0 127 2 0 0 0 254000 16848 374299 1086 0 0 0 0 0 0 0 0 0 0 0 0 0 0
20061010 18:26:37 1 0 6 0 0 19 0 73 27 9116 21867 0 127 0 0 0 0 252737 16288 372424 1050 0 0 0 0 0 0 0 0 0 0 0 0 0 0
20061010 18:26:38 1 0 6 0 1 20 0 74 26 9123 21479 0 127 0 0 0 0 250564 15996 369234 1031 0 0 0 0 0 0 0 0 0 0 0 0 0 0
20061010 18:26:39 1 0 6 0 1 20 0 73 27 9112 21492 0 127 2 0 0 0 252349 16220 371866 1045 0 0 0 0 0 0 1 1 0 4 4 0 0 0
20061010 18:26:40 1 0 6 0 1 20 0 72 28 9152 21922 0 127 0 0 0 0 253504 16400 373566 1057 0 0 0 0 0 0 0 0 0 0 0 0 0 0
20061010 18:26:41 1 0 6 0 1 20 0 72 28 9140 22008 0 127 0 0 0 0 253965 16704 374248 1077 0 0 0 0 0 0 0 0 0 0 0 0 0 0
20061010 18:26:42 1 0 6 0 1 19 0 74 26 9104 20784 0 127 2 0 0 0 249641 15664 367906 1010 0 1 0 0 0 0 0 0 0 0 0 0 0 0
20061010 18:26:43 1 0 6 0 0 20 0 72 28 9113 21624 0 127 2 1 0 0 253175 16240 373096 1047 0 0 0 0 0 0 0 0 0 0 0 0 0 0
20061010 18:26:44 1 0 5 0 0 21 0 73 27 9158 22375 0 127 2 1 0 0 253356 16512 373396 1064 0 0 0 0 0 0 1 1 0 4 4 0 0 0
20061010 18:26:45 1 0 5 0 1 20 0 73 27 9136 22445 0 127 2 1 0 0 252675 16637 372362 1072 0 0 0 0 0 0 0 0 0 0 0 0 0 0
20061010 18:26:46 1 0 5 0 1 21 0 72 28 9151 21852 0 127 2 1 0 0 254000 16400 374295 1057 0 0 0 0 0 0 0 0 0 0 0 0 0 0
20061010 18:26:47 1 0 6 0 1 21 0 72 28 9099 21604 0 127 1 1 0 0 252488 16016 372081 1032 0 0 0 0 0 0 0 0 0 0 0 0 0 0
20061010 18:26:48 1 0 6 0 1 21 0 72 28 9136 21793 0 127 0 0 0 0 254032 16176 374340 1043 0 0 0 0 0 0 0 0 0 0 0 0 0 0
20061010 18:26:49 1 0 5 0 1 17 0 77 23 12545 17955 0 126 0 0 0 0 226156 13549 333246 874 0 0 0 0 0 0 3 3 0 16 16 0 1 1
20061010 18:26:50 0 0 1 0 1 2 0 96 4 10457 2127 0 125 0 0 0 0 41356 1553 60889 100 0 0 0 0 0 0 0 0 0 0 0 0 0 0
20061010 18:26:51 0 0 0 0 0 0 0 100 0 4099 40 0 125 0 0 0 0 0 0 0 0 0 0 0 0 0 0 3 3 0 40 40 0 7 7
20061010 18:26:52 0 0 0 0 0 0 0 100 0 4123 38 0 125 0 0 0 0 0 0 0 0 0 0 0 0 0 0 0 0 0 0 0 0 0 0
20061010 18:26:53 0 0 0 0 0 0 0 100 0 4097 36 0 125 0 0 0 0 0 0 0 0 0 0 0 0 0 0 0 0 0 0 0 0 0 0
20061010 18:26:54 0 0 0 0 0 0 0 100 0 4124 40 0 125 0 0 0 0 0 0 0 0 0 0 0 0 0 0 0 0 0 0 0 0 0 0
20061010 18:26:55 0 0 1 0 1 2 0 96 4 10678 2045 1 126 0 0 0 0 40236 1711 59240 111 0 0 0 0 0 0 0 0 0 0 0 0 0 0
20061010 18:26:56 1 0 4 0 1 14 0 80 20 17956 14168 1 127 1 0 0 0 195838 10506 288505 678 0 0 0 0 0 0 0 0 0 0 0 0 0 0
20061010 18:26:57 2 0 7 0 1 23 0 67 33 10013 28558 1 128 1 0 0 0 265754 27735 391867 1788 0 0 0 0 0 0 0 0 0 0 0 0 0 0
20061010 18:26:58 2 0 8 0 1 25 0 65 35 10546 33039 0 128 3 1 0 0 274176 35376 404631 2280 0 0 0 0 0 0 0 0 0 0 0 0 0 0
20061010 18:26:59 1 0 8 0 1 26 0 64 36 10474 33374 0 128 1 1 0 0 274066 34832 404522 2245 0 0 0 0 0 0 0 0 0 0 0 0 0 0
20061010 18:27:00 2 0 8 0 1 25 0 64 36 10539 33293 0 128 3 1 0 0 274731 34848 405042 2246 0 0 0 0 0 0 0 0 0 0 0 0 0 0
20061010 18:27:01 1 0 8 0 1 25 0 64 36 10570 34099 0 128 2 1 0 0 273781 36241 404235 2336 0 0 0 0 0 0 0 0 0 0 0 0 0 0
20061010 18:27:02 1 0 8 0 1 25 0 65 35 10480 32828 0 128 3 1 0 0 274083 34400 404389 2217 0 0 0 0 0 0 0 0 0 0 0 0 0 0
20061010 18:27:03 1 0 7 0 1 25 0 65 35 10385 32572 0 128 1 1 0 0 274624 32785 405117 2113 0 0 0 0 0 0 0 0 0 0 0 0 0 0
20061010 18:27:04 1 0 8 0 1 25 0 65 35 10525 33451 0 128 1 1 0 0 274469 34831 405103 2245 0 0 0 0 0 0 0 0 0 0 0 0 0 0
20061010 18:27:05 2 0 8 0 1 26 0 64 36 10568 33992 0 128 2 1 0 0 274219 35984 404822 2319 0 0 0 0 0 0 0 0 0 0 0 0 0 0
20061010 18:27:06 1 0 8 0 1 25 0 66 34 10523 33856 0 128 2 1 0 0 274408 34865 404952 2247 0 0 0 0 0 0 0 0 0 0 0 0 0 0
20061010 18:27:07 1 0 7 0 1 26 0 64 36 10525 33650 0 128 1 1 0 0 274373 35201 404980 2269 0 0 0 0 0 0 0 0 0 0 0 0 0 0
20061010 18:27:08 1 0 8 0 1 26 0 64 36 10479 33417 0 128 1 1 0 0 274509 34111 405063 2199 0 0 0 0 0 0 0 0 0 0 0 0 0 0
20061010 18:27:09 1 0 8 0 1 25 0 65 35 10495 33749 0 128 0 1 0 0 274414 34785 405075 2242 0 0 0 0 0 0 0 0 0 0 0 0 0 0
20061010 18:27:10 1 0 8 0 1 25 0 65 35 10533 33696 0 128 3 1 0 0 274368 34863 404981 2247 0 0 0 0 0 0 0 0 0 0 0 0 0 0
20061010 18:27:11 1 0 7 0 1 25 0 65 35 10505 33343 0 128 2 1 0 0 274433 34928 405045 2251 0 0 0 0 0 0 0 0 0 0 0 0 0 0
20061010 18:27:12 1 0 8 0 1 25 0 65 35 10571 33654 0 128 1 1 0 0 274255 35584 404887 2294 0 0 0 0 0 0 0 0 0 0 0 0 0 0
20061010 18:27:13 2 0 7 0 1 25 0 65 35 10509 33446 0 128 2 1 0 0 274420 35057 405008 2260 0 0 0 0 0 0 0 0 0 0 0 0 0 0
20061010 18:27:14 1 0 8 0 1 25 0 64 36 10448 32961 0 128 0 1 0 0 274614 33487 405244 2158 0 1 0 0 0 0 0 0 0 0 0 0 0 0
20061010 18:27:15 2 0 8 0 1 24 0 65 35 10508 33616 0 128 3 1 0 0 274310 35200 404938 2269 0 0 0 0 0 0 0 0 0 0 0 0 0 0
20061010 18:27:16 1 0 8 0 1 25 0 65 35 10573 33391 0 128 0 1 0 0 273650 34704 403913 2237 0 0 0 0 0 0 0 0 0 0 0 0 0 0
20061010 18:27:17 1 0 8 0 1 26 0 64 36 10503 33825 0 128 0 1 0 0 274378 34880 405060 2248 0 0 0 0 0 0 0 0 0 0 0 0 0 0
20061010 18:27:18 2 0 8 0 1 25 0 65 35 10577 34136 0 128 0 1 0 0 274230 35857 404934 2311 0 0 0 0 0 0 0 0 0 0 0 0 0 0
20061010 18:27:19 1 0 8 0 1 25 0 64 36 10537 33816 0 128 3 1 0 0 274137 35343 404800 2278 0 0 0 0 0 0 0 0 0 0 0 0 0 0
20061010 18:27:20 1 0 8 0 1 26 0 64 36 10560 33197 0 128 0 1 0 0 274375 35760 405054 2305 0 0 0 0 0 0 0 0 0 0 0 0 0 0
20061010 18:27:21 1 0 8 0 1 25 0 65 35 10625 34634 0 128 0 1 0 0 273803 37505 404532 2417 0 0 0 0 0 0 0 0 0 0 0 0 0 0
20061010 18:27:22 1 0 8 0 1 25 0 65 35 10600 33959 0 128 0 1 0 0 274319 36399 404909 2346 0 0 0 0 0 0 0 0 0 0 0 0 0 0
20061010 18:27:23 1 0 8 0 1 26 0 64 36 10486 33472 0 128 3 1 0 0 274527 34880 404990 2248 0 0 0 0 0 0 0 0 0 0 0 0 0 0
20061010 18:27:24 1 0 8 0 1 26 0 64 36 10615 33861 0 128 0 1 0 0 273815 36512 404315 2353 0 0 0 0 0 0 5 5 0 20 20 0 0 0
20061010 18:27:25 1 0 8 0 1 22 0 68 32 10196 29949 0 127 0 1 0 0 264403 31371 390360 2022 0 0 0 0 0 0 0 0 0 0 0 0 0 0
20061010 18:27:26 0 0 4 0 1 15 0 79 21 17810 14116 0 126 0 1 0 0 195918 10805 288599 697 0 0 0 0 0 0 0 0 0 0 0 0 0 0
20061010 18:27:27 0 0 1 0 1 3 0 96 4 11689 2398 0 125 0 1 0 0 47786 1894 70332 122 0 0 0 0 0 0 0 0 0 0 0 0 0 0
20061010 18:27:28 0 0 0 0 0 0 0 100 0 4124 38 0 125 0 1 0 0 0 0 0 0 0 0 0 0 0 0 0 0 0 0 0 0 0 0
20061010 18:27:29 0 0 0 0 0 0 0 100 0 4098 34 0 125 0 1 0 0 0 0 0 0 0 0 0 0 0 0 2 2 0 16 16 0 2 2
20061010 18:27:30 0 0 0 0 0 0 0 100 0 4123 40 0 125 0 1 0 0 0 0 0 0 0 0 0 0 0 0 0 0 0 0 0 0 0 0
20061010 18:27:31 0 0 0 0 0 0 0 100 0 4097 26 0 125 0 1 0 0 0 0 0 0 0 0 0 0 0 0 0 0 0 0 0 0 0 0
20061010 18:27:32 0 0 0 0 0 0 0 100 0 4124 42 0 125 0 1 0 0 0 0 0 0 0 0 0 0 0 0 0 0 0 0 0 0 0 0
20061010 18:27:33 0 0 0 0 0 0 0 100 0 4096 34 0 125 0 1 0 0 0 0 0 0 0 0 0 0 0 0 0 0 0 0 0 0 0 0
20061010 18:27:34 0 0 0 0 0 0 0 100 0 4123 34 0 125 0 1 0 0 0 0 0 0 0 0 0 0 0 0 0 0 0 0 0 0 0 0
20061010 18:27:35 0 0 0 0 0 0 0 100 0 4097 32 0 125 0 1 0 0 0 0 0 0 0 0 0 0 0 0 0 0 0 0 0 0 0 0
20061010 18:27:36 0 0 1 0 1 3 0 95 5 12990 2825 1 126 0 1 0 0 55628 2336 81913 151 0 0 0 0 0 0 0 0 0 0 0 0 0 0
20061010 18:27:37 1 0 5 0 1 17 0 76 24 13869 18578 2 128 3 1 0 0 221879 15365 327009 991 0 0 0 0 0 0 0 0 0 0 0 0 0 0
20061010 18:27:38 2 0 8 0 1 26 0 64 36 10559 33581 0 128 3 1 0 0 273402 36160 403606 2331 0 0 0 0 0 0 0 0 0 0 0 0 0 0
20061010 18:27:39 2 0 8 0 1 25 0 64 36 10487 32930 0 128 3 1 0 0 273876 35856 404278 2311 0 0 0 0 0 0 0 0 0 0 0 0 0 0
20061010 18:27:40 2 0 8 0 1 25 0 64 36 10649 34245 0 128 1 1 0 0 273725 37680 404285 2429 0 0 0 0 0 0 0 0 0 0 0 0 0 0
20061010 18:27:41 2 0 9 0 1 25 0 63 37 10572 34065 0 128 3 1 0 0 274118 36625 404730 2361 0 0 0 0 0 0 0 0 0 0 0 0 0 0
20061010 18:27:42 1 0 8 0 1 26 0 64 36 10496 33248 0 128 3 1 0 0 274639 34479 405002 2222 0 0 0 0 0 0 0 0 0 0 0 0 0 0
20061010 18:27:43 2 0 8 0 1 25 0 64 36 10544 33859 0 128 0 1 0 0 274141 36000 404681 2320 0 1 0 0 0 0 0 0 0 0 0 0 0 0
20061010 18:27:44 2 0 7 0 1 26 0 65 35 10561 33628 0 128 3 1 0 0 274073 35712 404703 2302 0 0 0 0 0 0 0 0 0 0 0 0 0 0
20061010 18:27:45 2 0 8 0 1 25 0 64 36 10498 33494 0 128 2 1 0 0 274491 34976 405078 2254 0 0 0 0 0 0 0 0 0 0 0 0 0 0
20061010 18:27:46 2 0 8 0 1 25 0 64 36 10598 34001 0 128 2 1 0 0 273702 36160 404176 2331 0 0 0 0 0 0 0 0 0 0 0 0 0 0
20061010 18:27:47 1 0 8 0 1 25 0 64 36 10479 33628 0 128 1 1 0 0 274557 34688 405029 2236 0 0 0 0 0 0 0 0 0 0 0 0 0 0
20061010 18:27:48 2 0 9 0 1 25 0 63 37 10711 42432 1 129 1 1 0 0 273607 38624 403550 2490 0 0 0 0 0 0 0 0 0 0 0 0 0 0
20061010 18:27:49 2 0 9 0 1 26 0 62 38 10726 46402 0 129 1 1 0 0 274017 39040 403695 2516 0 0 0 0 0 0 0 0 0 0 0 0 0 0
20061010 18:27:50 2 0 9 0 1 28 0 60 40 10977 52148 0 129 3 1 0 0 273782 43792 403519 2823 0 0 0 0 0 0 0 0 0 0 0 0 0 0
20061010 18:27:51 2 0 9 0 1 26 0 61 39 10878 49867 0 129 4 1 0 0 274240 42128 403913 2715 0 0 0 0 0 0 0 0 0 0 0 0 0 0
20061010 18:27:52 2 0 9 0 1 27 0 60 40 10979 52315 0 129 2 1 0 0 273942 43952 403655 2833 0 0 0 0 0 0 0 0 0 0 0 0 0 0
20061010 18:27:53 3 0 10 0 1 28 0 59 41 11034 54801 0 129 3 1 0 0 273728 45376 403552 2925 0 0 0 0 0 0 0 0 0 0 0 0 0 0
20061010 18:27:54 2 0 9 0 1 27 0 61 39 10963 52430 0 129 2 1 0 0 273913 43584 403703 2809 0 0 0 0 0 0 0 0 0 0 0 0 0 0
20061010 18:27:55 2 0 9 0 1 27 0 60 40 10942 52703 0 129 2 1 0 0 274225 43664 403918 2814 0 0 0 0 0 0 0 0 0 0 0 0 0 0
20061010 18:27:56 2 0 10 0 1 26 0 61 39 10870 49548 0 129 0 1 0 0 274060 41392 403788 2668 0 0 0 0 0 0 0 0 0 0 0 0 0 0
20061010 18:27:57 2 0 9 0 1 26 0 62 38 10908 51184 0 129 3 1 0 0 273992 42673 403749 2750 0 0 0 0 0 0 0 0 0 0 0 0 0 0
20061010 18:27:58 2 0 10 0 1 28 0 59 41 11004 53107 0 129 0 1 0 0 273760 44064 403669 2840 0 0 0 0 0 0 0 0 0 0 0 0 0 0
20061010 18:27:59 2 0 10 0 1 26 0 61 39 10795 48994 0 129 1 1 0 0 274210 40943 404000 2639 0 0 0 0 0 0 0 0 0 0 0 0 0 0
20061010 18:28:00 2 0 9 0 1 27 0 60 40 10936 51194 2 131 1 1 0 0 274120 42512 403896 2741 0 0 0 0 0 0 0 0 0 0 0 0 0 0
20061010 18:28:01 1 0 9 0 1 26 0 63 37 10931 50625 0 131 0 1 0 0 274018 42832 403737 2761 0 0 0 0 0 0 0 0 0 0 0 0 0 0
20061010 18:28:02 2 0 10 0 1 26 0 60 40 10797 47427 37 131 1 1 0 0 274524 39920 404175 2574 0 0 0 0 0 0 9 9 0 48 48 0 3 3
20061010 18:28:03 2 0 9 0 1 27 0 61 39 10935 51580 0 131 1 1 0 0 273881 43313 403581 2792 0 0 0 0 0 0 0 0 0 0 0 0 0 0
20061010 18:28:04 2 0 9 0 1 25 0 63 37 10773 46316 0 131 3 1 0 0 274356 38975 404063 2512 0 0 0 0 0 0 0 0 0 0 0 0 0 0
20061010 18:28:05 2 0 9 0 1 26 0 61 39 10865 50236 0 131 3 1 0 0 274007 41904 403774 2701 0 0 0 0 0 0 2 2 0 164 164 0 39 39
20061010 18:28:06 2 0 8 0 1 26 0 62 38 10862 45695 0 130 0 1 0 0 273274 41729 403090 2690 0 0 0 0 0 0 0 0 0 0 0 0 0 0
20061010 18:28:07 1 0 6 0 1 19 0 74 26 11899 22135 0 128 0 1 0 0 241053 18761 355230 1210 0 0 0 0 0 0 0 0 0 0 0 0 0 0
20061010 18:28:08 0 0 3 0 1 8 0 87 13 26576 7054 0 128 0 1 0 0 142445 5886 209656 379 0 0 0 0 0 0 0 0 0 0 0 0 0 0
20061010 18:28:09 0 0 3 0 2 8 0 87 13 26555 7039 0 128 0 1 0 0 141868 5493 208821 354 0 0 0 0 0 0 0 0 0 0 0 0 0 0
20061010 18:28:10 0 0 3 0 1 8 0 87 13 26105 7032 0 128 0 1 0 0 141209 5726 207838 369 0 0 0 0 0 0 0 0 0 0 0 0 0 0
20061010 18:28:11 0 0 3 0 1 8 0 87 13 27242 6960 0 128 0 1 0 0 141379 5716 208075 368 0 1 0 0 0 0 0 0 0 0 0 0 0 0
20061010 18:28:12 0 0 2 0 2 8 0 88 12 26131 7052 0 128 1 1 0 0 141089 5425 207692 350 0 0 0 0 0 0 0 0 0 0 0 0 0 0
20061010 18:28:13 0 0 3 0 2 8 0 87 13 27449 7022 0 128 0 1 0 0 142529 5562 209730 358 0 0 0 0 0 0 0 0 0 0 0 0 0 0
20061010 18:28:14 0 0 3 0 1 8 0 87 13 26718 7068 0 128 0 1 0 0 142150 5540 209231 357 0 0 0 0 0 0 0 0 0 0 0 0 0 0
20061010 18:28:15 0 0 3 0 1 8 0 88 12 26173 7074 0 128 0 1 0 0 141273 5216 207938 336 0 0 0 0 0 0 0 0 0 0 0 0 0 0
20061010 18:28:16 0 0 3 0 1 8 0 87 13 27070 7022 0 128 1 1 0 0 142236 5778 209360 372 0 0 0 0 0 0 0 0 0 0 0 0 0 0
20061010 18:28:17 0 0 3 0 1 8 0 88 12 26127 7019 0 128 1 1 0 0 140547 5364 206927 346 0 0 0 0 0 0 0 0 0 0 0 0 0 0
20061010 18:28:18 0 0 1 0 1 3 0 95 5 13707 2957 0 127 0 1 0 0 58918 2191 86724 141 0 0 0 0 0 0 0 0 0 0 0 0 0 0
20061010 18:28:19 0 0 0 0 0 0 0 100 0 4096 32 0 127 0 1 0 0 0 0 0 0 0 0 0 0 0 0 0 0 0 0 0 0 0 0
20061010 18:28:20 0 0 0 0 0 0 0 100 0 4125 42 0 127 0 1 0 0 0 0 0 0 0 0 0 0 0 0 0 0 0 0 0 0 0 0
20061010 18:28:21 0 0 0 0 0 0 0 100 0 4095 24 0 127 0 1 0 0 0 0 0 0 0 0 0 0 0 0 0 0 0 0 0 0 0 0
20061010 18:28:22 0 0 0 0 0 0 0 100 0 4125 46 0 127 0 1 0 0 0 0 0 0 0 0 0 0 0 0 0 0 0 0 0 0 0 0
20061010 18:28:23 0 0 0 0 0 0 0 100 0 4095 32 0 127 0 1 0 0 0 0 0 0 0 0 0 0 0 0 0 0 0 0 0 0 0 0
20061010 18:28:24 0 0 0 0 0 0 0 100 0 4124 36 0 127 0 1 0 0 0 0 0 0 0 0 0 0 0 0 0 0 0 0 0 0 0 0
20061010 18:28:25 0 0 0 0 0 0 0 100 0 4097 30 0 127 0 1 0 0 0 0 0 0 0 0 0 0 0 0 0 0 0 0 0 0 0 0
20061010 18:28:26 0 0 0 0 0 0 0 100 0 4124 42 0 127 0 1 0 0 0 0 0 0 0 0 0 0 0 0 0 0 0 0 0 0 0 0
20061010 18:28:27 0 0 0 0 0 0 0 100 0 4096 26 0 127 0 1 0 0 0 0 0 0 0 0 0 0 0 0 0 0 0 0 0 0 0 0
20061010 18:28:28 0 0 0 0 0 0 0 100 0 4124 44 0 127 0 1 0 0 0 0 0 0 0 0 0 0 0 0 0 0 0 0 0 0 0 0
20061010 18:28:29 0 0 0 0 0 0 0 100 0 4096 30 0 127 0 1 0 0 0 0 0 0 0 0 0 0 0 0 0 0 0 0 0 0 0 0
20061010 18:28:30 1 0 4 0 1 12 0 82 18 20672 11855 2 129 2 1 0 0 176059 9244 259287 597 0 0 0 0 0 0 0 0 0 0 0 0 0 0
20061010 18:28:31 2 0 7 0 1 22 0 68 32 9938 27808 2 130 3 1 0 0 264254 26507 389709 1709 0 0 0 0 0 0 0 0 0 0 0 0 0 0
20061010 18:28:32 2 0 9 0 1 28 0 60 40 10942 46293 1 131 3 1 0 0 272542 42959 402572 2769 0 0 0 0 0 0 0 0 0 0 0 0 0 0
20061010 18:28:33 2 0 9 0 1 26 0 61 39 11013 52919 0 131 2 0 0 0 273143 44526 402630 2870 0 0 0 0 0 0 0 0 0 0 0 0 0 0
20061010 18:28:34 2 0 10 0 1 25 0 62 38 10853 48966 0 131 0 0 0 0 273883 41072 403610 2647 0 0 0 0 0 0 2 2 0 8 8 0 0 0
20061010 18:28:35 2 0 9 0 1 27 0 61 39 10877 49715 0 131 1 0 0 0 274191 41585 403831 2680 0 0 0 0 0 0 0 0 0 0 0 0 0 0
20061010 18:28:36 2 0 9 0 1 26 0 62 38 10887 49229 1 129 2 0 0 0 273769 41519 403046 2676 0 0 0 0 0 0 0 0 0 0 0 0 0 0
20061010 18:28:37 2 0 9 0 1 26 0 62 38 10818 48337 0 129 2 0 0 0 273874 40720 403583 2625 0 0 0 0 0 0 0 0 0 0 0 0 0 0
20061010 18:28:38 2 0 9 0 1 28 0 60 40 11009 53063 0 129 2 0 0 0 273645 44273 403253 2854 0 0 0 0 0 0 0 0 0 0 0 0 0 0
20061010 18:28:39 2 0 9 0 1 27 0 61 39 10944 50354 0 129 1 0 0 0 274085 42576 403923 2744 0 0 0 0 0 0 29 29 0 144 144 0 7 7
20061010 18:28:40 2 0 9 0 1 26 0 62 38 10905 49835 0 129 3 0 0 0 273753 42032 403423 2709 0 0 0 0 0 0 0 0 0 0 0 0 0 0
20061010 18:28:41 2 0 9 0 1 27 0 60 40 10997 52928 0 129 2 0 0 0 273744 44304 403569 2856 0 0 0 0 0 0 3 3 0 56 56 0 11 11
20061010 18:28:42 2 0 9 0 1 26 0 63 37 10843 48295 0 129 3 0 0 0 274288 40288 403977 2597 0 0 0 0 0 0 0 0 0 0 0 0 0 0
20061010 18:28:43 2 0 10 0 1 27 0 60 40 11030 53794 0 129 0 1 0 0 273845 44816 403644 2889 0 0 0 0 0 0 0 0 0 0 0 0 0 0
20061010 18:28:44 2 0 9 0 1 24 0 64 36 10876 48887 0 129 1 1 0 0 274361 40449 404104 2607 0 1 0 0 0 0 9 9 0 48 48 0 3 3
20061010 18:28:45 3 0 10 0 1 26 0 60 40 11062 54129 1 130 2 1 0 0 273153 44175 403156 2848 0 0 0 0 0 0 0 0 0 0 0 0 0 0
20061010 18:28:46 3 0 10 0 1 25 0 61 39 11050 53037 0 130 3 1 0 0 273257 43073 403630 2776 0 0 0 0 0 0 0 0 0 0 0 0 0 0
20061010 18:28:47 2 0 9 0 1 26 0 61 39 11102 53644 0 130 2 1 0 0 273270 44383 403612 2861 0 0 0 0 0 0 0 0 0 0 0 0 0 0
20061010 18:28:48 2 0 10 0 1 26 0 61 39 11130 53184 0 130 2 1 0 0 273180 44160 403428 2846 0 0 0 0 0 0 0 0 0 0 0 0 0 0
20061010 18:28:49 3 0 9 0 1 26 0 60 40 11082 53739 0 130 5 1 0 0 273198 43936 403490 2832 0 0 0 0 0 0 0 0 0 0 0 0 0 0
20061010 18:28:50 2 0 9 0 1 25 0 62 38 11099 53745 0 130 3 1 0 0 273231 43905 403487 2830 0 0 0 0 0 0 0 0 0 0 0 0 0 0
20061010 18:28:51 2 0 10 0 1 25 0 61 39 11060 53955 0 130 3 1 0 0 273320 43647 403672 2813 0 0 0 0 0 0 0 0 0 0 0 0 0 0
20061010 18:28:52 2 0 9 0 1 27 0 61 39 11110 54348 0 130 3 1 0 0 273257 43841 403572 2826 0 0 0 0 0 0 0 0 0 0 0 0 0 0
20061010 18:28:53 2 0 10 0 1 25 0 61 39 11048 53497 0 130 0 1 0 0 273637 43247 404082 2787 0 0 0 0 0 0 0 0 0 0 0 0 0 0
20061010 18:28:54 2 0 9 0 1 26 0 61 39 11049 52593 0 130 2 1 0 0 273111 42817 403336 2760 0 0 0 0 0 0 0 0 0 0 0 0 0 0
20061010 18:28:55 2 0 10 0 1 26 0 61 39 11042 53012 0 130 2 1 0 0 273342 43217 403745 2785 0 0 0 0 0 0 0 0 0 0 0 0 0 0
20061010 18:28:56 2 0 9 0 1 25 0 62 38 11100 52882 0 130 4 1 0 0 273269 43599 403634 2810 0 0 0 0 0 0 0 0 0 0 0 0 0 0
20061010 18:28:57 2 0 9 0 1 25 0 63 37 10994 51068 0 130 4 1 0 0 273521 42353 403814 2730 0 0 0 0 0 0 0 0 0 0 0 0 0 0
20061010 18:28:58 2 0 10 0 1 25 0 62 38 11085 53867 0 130 1 1 0 0 273464 43360 403764 2795 0 0 0 0 0 0 0 0 0 0 0 0 0 0
20061010 18:28:59 2 0 10 0 1 27 0 61 39 11090 54243 0 130 3 1 0 0 273390 44000 403766 2836 0 0 0 0 0 0 3 3 0 36 36 0 6 6
20061010 18:29:00 2 0 9 0 1 25 0 63 37 10815 46208 0 128 3 1 0 0 273227 40399 403017 2604 0 0 0 0 0 0 0 0 0 0 0 0 0 0
20061010 18:29:01 1 0 6 0 1 22 0 70 30 9659 26234 0 127 1 1 0 0 259646 23040 382895 1485 0 0 0 0 0 0 0 0 0 0 0 0 0 0
20061010 18:29:02 1 0 4 0 1 13 0 82 18 19855 13014 0 126 1 1 0 0 187131 9680 275564 624 0 0 0 0 0 0 3 3 0 16 16 0 1 1
20061010 18:29:03 0 0 3 0 2 9 0 87 13 27142 7020 0 126 1 1 0 0 141585 5404 208373 348 0 0 0 0 0 0 0 0 0 0 0 0 0 0
20061010 18:29:04 0 0 3 0 2 9 0 87 13 26678 7018 0 126 0 1 0 0 140944 5343 207447 344 0 0 0 0 0 0 0 0 0 0 0 0 0 0
20061010 18:29:05 0 0 3 0 1 8 0 88 12 26406 7114 0 126 0 1 0 0 142269 5239 209404 338 0 0 0 0 0 0 0 0 0 0 0 0 0 0
20061010 18:29:06 0 0 3 0 1 8 0 87 13 26611 7062 0 126 1 1 0 0 141855 5537 208764 357 0 0 0 0 0 0 0 0 0 0 0 0 0 0
20061010 18:29:07 0 0 3 0 2 8 0 87 13 27020 7092 0 126 0 1 0 0 143014 5655 210477 364 0 0 0 0 0 0 0 0 0 0 0 0 0 0
20061010 18:29:08 0 0 3 0 1 9 0 87 13 27300 6971 0 126 0 1 0 0 140937 5482 207409 353 0 0 0 0 0 0 0 0 0 0 0 0 0 0
20061010 18:29:09 0 0 3 0 1 8 0 88 12 26581 6974 0 126 0 1 0 0 140864 5662 207307 365 0 0 0 0 0 0 0 0 0 0 0 0 0 0
20061010 18:29:10 0 0 3 0 2 8 0 87 13 26804 6972 0 126 1 1 0 0 140666 5637 207016 363 0 0 0 0 0 0 0 0 0 0 0 0 0 0
20061010 18:29:11 0 0 3 0 2 8 0 87 13 27008 7059 0 126 0 1 0 0 143074 5732 210608 369 0 0 0 0 0 0 0 0 0 0 0 0 0 0
20061010 18:29:12 0 0 3 0 1 9 0 87 13 27698 6964 0 126 1 1 0 0 141441 5464 208139 352 0 1 0 0 0 0 0 0 0 0 0 0 0 0
20061010 18:29:13 0 0 3 0 1 9 0 87 13 27478 7009 0 126 1 1 0 0 142460 5674 209683 366 0 0 0 0 0 0 0 0 0 0 0 0 0 0
20061010 18:29:14 0 0 3 0 1 8 0 87 13 27334 7057 0 126 1 1 0 0 142376 5676 209512 366 0 0 0 0 0 0 4 4 0 16 16 0 0 0
20061010 18:29:15 0 0 1 0 0 3 0 96 4 12069 2446 0 125 0 1 0 0 48880 1924 71924 124 0 0 0 0 0 0 0 0 0 0 0 0 0 0
20061010 18:29:16 0 0 0 0 0 0 0 100 0 4124 46 0 125 0 1 0 0 0 0 0 0 0 0 0 0 0 0 0 0 0 0 0 0 0 0
20061010 18:29:17 0 0 0 0 0 0 0 100 0 4097 36 0 125 0 1 0 0 0 0 0 0 0 0 0 0 0 0 0 0 0 0 0 0 0 0
20061010 18:29:18 0 0 0 0 0 0 0 100 0 4124 42 0 125 0 1 0 0 0 0 0 0 0 0 0 0 0 0 0 0 0 0 0 0 0 0
20061010 18:29:19 0 0 0 0 0 0 0 100 0 4095 36 0 125 0 1 0 0 0 0 0 0 0 0 0 0 0 0 0 0 0 0 0 0 0 0
20061010 18:29:20 0 0 0 0 0 0 0 100 0 4125 46 0 125 0 1 0 0 0 0 0 0 0 0 0 0 0 0 0 0 0 0 0 0 0 0
20061010 18:29:21 0 0 0 0 0 0 0 100 0 4096 26 0 125 0 1 0 0 0 0 0 0 0 0 0 0 0 0 0 0 0 0 0 0 0 0
20061010 18:29:22 0 0 0 0 0 0 0 100 0 4131 60 2 127 0 1 0 0 6 5 0 0 0 0 0 0 0 0 0 0 0 0 0 0 0 0
20061010 18:29:23 0 0 0 0 0 0 0 100 0 4095 46 0 127 0 1 0 0 0 0 0 0 0 0 0 0 0 0 0 0 0 0 0 0 0 0
20061010 18:29:24 0 0 0 0 0 0 0 100 0 4125 38 0 127 0 1 0 0 0 0 0 0 0 0 0 0 0 0 0 0 0 0 0 0 0 0
20061010 18:29:25 0 0 0 0 0 0 0 100 0 4099 36 0 127 0 1 0 0 2 1 0 0 0 0 0 0 0 0 0 0 0 0 0 0 0 0
20061010 18:29:26 0 0 0 0 0 0 0 100 0 4124 44 0 127 0 1 0 0 0 0 0 0 0 0 0 0 0 0 0 0 0 0 0 0 0 0
20061010 18:29:27 0 0 0 0 0 0 0 100 0 4098 36 0 127 0 1 0 0 0 0 0 0 0 0 0 0 0 0 2 2 0 32 32 0 6 6
20061010 18:29:28 0 0 0 0 0 0 0 100 0 4128 67 0 127 0 1 0 0 1 1 0 0 0 0 0 0 0 0 3 3 0 16 16 0 1 1
20061010 18:29:29 0 0 0 0 0 0 0 100 0 4100 32 0 127 0 1 0 0 0 0 0 0 0 0 0 0 0 0 4 4 0 16 16 0 0 0
20061010 18:29:30 0 0 0 0 0 0 0 100 0 4129 48 0 127 0 1 0 0 3 3 0 0 0 0 0 0 0 0 0 0 0 0 0 0 0 0
20061010 18:29:31 0 0 0 0 0 0 0 100 0 4096 34 0 127 0 1 0 0 0 0 0 0 0 0 0 0 0 0 0 0 0 0 0 0 0 0
20061010 18:29:32 0 0 0 0 0 0 0 100 0 4130 52 0 125 0 1 0 0 4 2 0 0 0 0 0 0 0 0 0 0 0 0 0 0 0 0
20061010 18:29:33 0 0 0 0 0 0 0 100 0 4105 48 2 127 0 0 0 0 6 5 0 0 0 0 0 0 0 0 2 2 0 56 56 0 12 12
20061010 18:29:34 0 0 0 0 0 0 0 100 0 4124 46 0 127 0 0 0 0 0 0 0 0 0 0 0 0 0 0 0 0 0 0 0 0 0 0
20061010 18:29:35 0 0 0 0 0 0 0 100 0 4099 28 0 127 0 0 0 0 2 1 0 0 0 0 0 0 0 0 0 0 0 0 0 0 0 0
20061010 18:29:36 0 0 0 0 0 0 0 100 0 4125 46 0 127 0 0 0 0 0 0 0 0 0 0 0 0 0 0 0 0 0 0 0 0 0 0
20061010 18:29:37 0 0 0 0 0 0 0 100 0 4102 48 1 127 0 0 0 0 4 2 0 0 0 0 0 0 0 0 0 0 0 0 0 0 0 0
20061010 18:29:38 0 0 0 0 0 0 0 100 0 4125 48 0 127 0 0 0 0 0 0 0 0 0 0 0 0 0 0 2 2 0 60 60 0 13 13
20061010 18:29:39 0 0 0 0 0 0 0 100 0 4097 36 0 127 0 0 0 0 0 0 0 0 0 0 0 0 0 0 0 0 0 0 0 0 0 0
20061010 18:29:40 0 0 0 0 0 0 0 100 0 4124 46 0 127 0 0 0 0 0 0 0 0 0 0 0 0 0 0 0 0 0 0 0 0 0 0
20061010 18:29:41 0 0 0 0 0 0 0 100 0 4096 26 0 127 0 0 0 0 0 0 0 0 0 0 0 0 0 0 0 0 0 0 0 0 0 0
20061010 18:29:42 0 0 0 0 0 0 0 100 0 4124 48 0 127 0 0 0 0 0 0 0 0 0 0 0 0 0 0 0 0 0 0 0 0 0 0
20061010 18:29:43 0 0 0 0 0 0 0 100 0 4095 38 0 127 0 0 0 0 0 0 0 0 0 0 0 0 0 0 0 0 0 0 0 0 0 0
20061010 18:29:44 0 0 0 0 0 0 0 100 0 4124 38 0 127 0 0 0 0 0 0 0 0 0 0 0 0 0 0 0 0 0 0 0 0 0 0
20061010 18:29:45 0 0 0 0 0 0 0 100 0 4096 34 0 127 0 0 0 0 0 0 0 0 0 1 0 0 0 0 0 0 0 0 0 0 0 0
20061010 18:29:46 0 0 0 0 0 0 0 100 0 4124 46 0 127 0 0 0 0 0 0 0 0 0 0 0 0 0 0 0 0 0 0 0 0 0 0
20061010 18:29:47 0 0 0 0 0 0 0 100 0 4097 30 0 127 0 0 0 0 0 0 0 0 0 0 0 0 0 0 0 0 0 0 0 0 0 0
20061010 18:29:48 0 0 0 0 0 0 0 100 0 4124 50 0 127 0 0 0 0 0 0 0 0 0 0 0 0 0 0 0 0 0 0 0 0 0 0
20061010 18:29:49 0 0 0 0 0 0 0 100 0 4095 36 0 127 0 0 0 0 0 0 0 0 0 0 0 0 0 0 0 0 0 0 0 0 0 0
20061010 18:29:50 0 0 1 0 0 2 0 97 3 7281 1470 0 127 0 0 0 0 11751 7306 803 50525 0 0 0 0 0 0 0 0 0 0 0 0 0 0
20061010 18:29:51 0 0 4 0 1 7 0 88 12 16858 5706 0 127 0 0 0 0 47727 29407 3263 205854 0 0 0 0 0 0 0 0 0 0 0 0 0 0
20061010 18:29:52 0 0 3 0 1 7 0 89 11 17118 5625 0 127 0 0 0 0 47511 29412 3248 205730 0 0 0 0 0 0 0 0 0 0 0 0 0 0
20061010 18:29:53 0 0 3 0 1 7 0 89 11 16788 5688 0 127 0 0 0 0 47670 29253 3259 204837 0 0 0 0 0 0 0 0 0 0 0 0 0 0
20061010 18:29:54 0 0 4 0 1 7 0 89 11 16728 5350 0 127 1 0 0 0 47491 26102 3246 204379 0 0 0 0 0 0 0 0 0 0 0 0 0 0
20061010 18:29:55 0 0 4 0 1 6 0 89 11 16312 5102 0 127 1 0 0 0 48147 24293 3291 203799 0 0 0 0 0 0 0 0 0 0 0 0 0 0
20061010 18:29:56 0 0 4 0 1 7 0 89 11 17205 5211 2 129 0 0 0 0 47078 24343 3218 204445 0 0 0 0 0 0 0 0 0 0 0 0 0 0
20061010 18:29:57 0 0 4 0 1 7 0 88 12 16490 5197 0 129 0 0 0 0 48144 24376 3291 204498 0 0 0 0 0 0 0 0 0 0 0 0 0 0
20061010 18:29:58 0 0 4 0 1 6 0 89 11 16562 5178 0 129 0 0 0 0 47771 24367 3266 204324 0 0 0 0 0 0 0 0 0 0 0 0 0 0
20061010 18:29:59 0 0 4 0 1 6 0 89 11 16487 5145 1 129 0 0 0 0 47816 24323 3269 203953 0 0 0 0 0 0 1 1 0 4 4 0 0 0
20061010 18:30:00 0 0 4 0 1 7 0 88 12 16392 5198 0 129 0 0 0 0 48294 24373 3301 204449 0 0 0 0 0 0 0 0 0 0 0 0 0 0
20061010 18:30:01 0 0 4 0 1 6 0 88 12 16471 5197 0 129 1 0 0 0 48420 24454 3310 205516 0 0 0 0 0 0 2 2 0 60 60 0 13 13
20061010 18:30:02 0 0 4 0 1 6 0 89 11 16587 5264 3 129 1 0 0 0 47425 24115 3242 203213 0 0 0 0 0 0 12 12 0 80 80 0 8 8
20061010 18:30:03 0 0 4 0 1 6 0 89 11 16379 5158 0 129 1 0 0 0 48422 24380 3310 204849 0 0 0 0 0 0 0 0 0 0 0 0 0 0
20061010 18:30:04 0 0 3 0 1 6 0 90 10 16817 5046 2 131 0 0 0 0 46796 24041 3199 202113 0 0 0 0 0 0 0 0 0 0 0 0 0 0
20061010 18:30:05 0 0 3 0 1 6 0 90 10 17007 5082 0 131 0 0 0 0 46239 24127 3161 202992 0 0 0 0 0 0 0 0 0 0 0 0 0 0
20061010 18:30:06 0 0 4 0 1 7 0 88 12 17168 5121 0 131 0 0 0 0 45788 24043 3130 202382 0 0 0 0 0 0 0 0 0 0 0 0 0 0
20061010 18:30:07 0 0 4 0 1 6 0 88 12 16668 5184 1 131 0 0 0 0 47789 24354 3267 204874 0 0 0 0 0 0 2 2 0 80 80 0 18 18
20061010 18:30:08 0 0 4 0 1 6 0 89 11 16900 5091 0 131 0 0 0 0 47347 24300 3237 204392 0 0 0 0 0 0 0 0 0 0 0 0 0 0
20061010 18:30:09 0 0 4 0 1 7 0 88 12 16645 5174 0 131 0 0 0 0 47635 24314 3256 204588 0 0 0 0 0 0 0 0 0 0 0 0 0 0
20061010 18:30:10 0 0 5 0 1 6 0 88 12 16669 5066 0 131 0 0 0 0 47440 24165 3243 203188 0 0 0 0 0 0 0 0 0 0 0 0 0 0
20061010 18:30:11 0 0 4 0 1 6 0 88 12 16760 5089 2 133 1 0 0 0 47302 24224 3234 203584 0 0 0 0 0 0 0 0 0 0 0 0 0 0
20061010 18:30:12 0 0 4 0 1 6 0 88 12 16651 5136 0 133 0 0 0 0 47831 24252 3270 203885 0 0 0 0 0 0 2 2 0 60 60 0 13 13
20061010 18:30:13 0 0 4 0 1 7 0 88 12 16661 5148 0 133 1 0 0 0 48262 24413 3299 205149 0 1 0 0 0 0 0 0 0 0 0 0 0 0
20061010 18:30:14 0 0 4 0 1 6 0 89 11 17137 5221 1 133 0 0 0 0 47182 24360 3225 204919 0 0 0 0 0 0 0 0 0 0 0 0 0 0
20061010 18:30:15 0 0 3 0 1 6 0 90 10 16898 5157 0 133 0 0 0 0 47739 24378 3263 205159 0 0 0 0 0 0 0 0 0 0 0 0 0 0
20061010 18:30:16 0 0 4 0 1 7 0 88 12 16803 5090 0 133 0 0 0 0 47024 24031 3215 202087 0 0 0 0 0 0 0 0 0 0 0 0 0 0
20061010 18:30:17 0 0 4 0 1 7 0 88 12 16750 5085 0 133 0 0 0 0 47252 24210 3230 203732 0 0 0 0 0 0 0 0 0 0 0 0 0 0
20061010 18:30:18 0 0 4 0 1 6 0 88 12 16771 5095 0 133 1 0 0 0 47406 24208 3241 203459 0 0 0 0 0 0 0 0 0 0 0 0 0 0
20061010 18:30:19 0 0 4 0 1 7 0 88 12 16717 5152 2 135 1 0 0 0 47793 24366 3267 204788 0 0 0 0 0 0 2 2 0 60 60 0 13 13
20061010 18:30:20 0 0 4 0 1 7 0 88 12 16838 5132 0 135 0 0 0 0 46934 24161 3208 203288 0 0 0 0 0 0 0 0 0 0 0 0 0 0
20061010 18:30:21 0 0 5 0 1 7 0 87 13 16888 5161 0 135 1 0 0 0 47957 24396 3278 205037 0 0 0 0 0 0 0 0 0 0 0 0 0 0
20061010 18:30:22 0 0 6 0 1 7 0 86 14 16857 5086 0 135 0 0 0 0 46657 24053 3189 202264 0 0 0 0 0 0 0 0 0 0 0 0 0 0
20061010 18:30:23 0 0 4 0 1 7 0 88 12 17026 5205 0 135 0 0 0 0 47266 24250 3231 204015 0 0 0 0 0 0 0 0 0 0 0 0 0 0
20061010 18:30:24 0 0 5 0 1 6 0 88 12 16724 5205 1 135 0 0 0 0 47829 24322 3270 204682 0 0 0 0 0 0 0 0 0 0 0 0 0 0
20061010 18:30:25 0 0 4 0 1 6 0 89 11 16857 5192 0 135 1 0 0 0 47409 24320 3241 204640 0 0 0 0 0 0 0 0 0 0 0 0 0 0
20061010 18:30:26 0 0 4 0 1 6 0 89 11 17189 5090 0 135 0 0 0 0 46530 24180 3181 203104 0 0 0 0 0 0 0 0 0 0 0 0 0 0
20061010 18:30:27 0 0 3 0 1 6 0 89 11 17085 5106 0 135 0 0 0 0 46353 24144 3169 202861 0 0 0 0 0 0 0 0 0 0 0 0 0 0
20061010 18:30:28 0 0 4 0 1 6 0 88 12 16403 5140 0 135 0 0 0 0 47914 24176 3275 203205 0 0 0 0 0 0 0 0 0 0 0 0 0 0
20061010 18:30:29 0 0 4 0 1 7 0 88 12 16772 5091 0 135 0 0 0 0 47134 24133 3222 203050 0 0 0 0 0 0 2 2 0 60 60 0 13 13
20061010 18:30:30 0 0 3 0 1 6 0 89 11 16817 5210 0 135 0 0 0 0 47461 24259 3244 203953 0 0 0 0 0 0 0 0 0 0 0 0 0 0
20061010 18:30:31 0 0 5 0 1 7 0 87 13 16865 5105 0 135 0 0 0 0 46628 24065 3187 202688 0 0 0 0 0 0 0 0 0 0 0 0 0 0
20061010 18:30:32 0 0 4 0 1 6 0 89 11 16703 5117 0 135 1 0 0 0 47360 24131 3238 202824 0 0 0 0 0 0 0 0 0 0 0 0 0 0
20061010 18:30:33 0 0 5 0 1 6 0 87 13 16985 5101 0 135 0 0 0 0 47078 24135 3218 202990 0 0 0 0 0 0 0 0 0 0 0 0 0 0
20061010 18:30:34 0 0 4 0 1 6 0 89 11 16959 5078 0 135 1 0 0 0 46720 24163 3194 202948 0 0 0 0 0 0 11 11 0 80 80 0 9 9
20061010 18:30:35 0 0 5 0 1 7 0 87 13 17095 5131 0 135 0 0 0 0 46485 24110 3178 202731 0 0 0 0 0 0 0 0 0 0 0 0 0 0
20061010 18:30:36 0 0 5 0 1 7 0 88 12 16978 5193 0 135 1 0 0 0 46793 24214 3199 203721 0 0 0 0 0 0 0 0 0 0 0 0 0 0
20061010 18:30:37 0 0 4 0 1 6 0 89 11 16528 5094 0 135 0 0 0 0 48400 24341 3309 204567 0 0 0 0 0 0 0 0 0 0 0 0 0 0
20061010 18:30:38 0 0 4 0 1 6 0 89 11 16767 5177 0 135 0 0 0 0 48013 24286 3282 204391 0 0 0 0 0 0 0 0 0 0 0 0 0 0
20061010 18:30:39 0 0 4 0 1 6 0 89 11 16697 5132 0 135 1 0 0 0 47262 24145 3231 203308 0 0 0 0 0 0 3 3 0 16 16 0 1 1
20061010 18:30:40 0 0 3 0 1 6 0 90 10 17406 5150 0 135 0 0 0 0 46366 24177 3170 203244 0 0 0 0 0 0 0 0 0 0 0 0 0 0
20061010 18:30:41 0 0 5 0 1 6 0 89 11 16973 5137 0 135 1 0 0 0 47498 24325 3247 204639 0 0 0 0 0 0 0 0 0 0 0 0 0 0
20061010 18:30:42 0 0 2 0 1 4 0 93 7 11578 2961 0 135 0 0 0 0 27324 14045 1868 118112 0 1 0 0 0 0 0 0 0 0 0 0 0 0
20061010 18:30:43 0 0 0 0 0 0 0 100 0 4095 38 0 135 0 0 0 0 0 0 0 0 0 0 0 0 0 0 0 0 0 0 0 0 0 0
20061010 18:30:44 0 0 0 0 0 0 0 100 0 4124 38 0 135 0 0 0 0 0 0 0 0 0 0 0 0 0 0 0 0 0 0 0 0 0 0
20061010 18:30:45 0 0 0 0 0 0 0 100 0 4097 34 0 135 0 0 0 0 0 0 0 0 0 0 0 0 0 0 0 0 0 0 0 0 0 0
20061010 18:30:46 0 0 0 0 0 0 0 100 0 4124 46 0 135 0 0 0 0 0 0 0 0 0 0 0 0 0 0 0 0 0 0 0 0 0 0
20061010 18:30:47 0 0 0 0 0 0 0 100 0 4099 36 0 135 0 0 0 0 0 0 0 0 0 0 0 0 0 0 3 3 0 16 16 0 1 1
20061010 18:30:48 0 0 0 0 0 0 0 100 0 4124 50 0 135 0 0 0 0 0 0 0 0 0 0 0 0 0 0 0 0 0 0 0 0 0 0
20061010 18:30:49 0 0 0 0 0 0 0 100 0 4095 36 0 135 0 0 0 0 0 0 0 0 0 0 0 0 0 0 0 0 0 0 0 0 0 0
20061010 18:30:50 0 0 0 0 0 0 0 100 0 4125 38 0 135 0 0 0 0 0 0 0 0 0 0 0 0 0 0 0 0 0 0 0 0 0 0
20061010 18:30:51 0 0 0 0 0 0 0 100 0 4095 34 0 135 0 0 0 0 0 0 0 0 0 0 0 0 0 0 0 0 0 0 0 0 0 0
20061010 18:30:52 0 0 0 0 0 0 0 100 0 4125 50 0 135 0 0 0 0 0 0 0 0 0 0 0 0 0 0 0 0 0 0 0 0 0 0
20061010 18:30:53 0 0 0 0 0 0 0 100 0 4095 30 0 135 0 0 0 0 0 0 0 0 0 0 0 0 0 0 0 0 0 0 0 0 0 0
20061010 18:30:54 0 0 2 0 1 4 0 93 7 11560 3259 0 135 1 0 0 0 26876 16718 1837 116462 0 0 0 0 0 0 0 0 0 0 0 0 0 0
20061010 18:30:55 0 0 7 0 2 12 0 79 21 32658 8889 0 135 1 0 0 0 76399 44359 5223 329845 0 0 0 0 0 0 0 0 0 0 0 0 0 0
20061010 18:30:56 0 0 7 0 2 11 0 80 20 33031 8837 0 135 0 0 0 0 77221 39875 5279 329822 0 0 0 0 0 0 0 0 0 0 0 0 0 0
20061010 18:30:57 0 0 6 0 2 12 0 80 20 33818 8902 0 135 1 0 0 0 78150 39408 5342 333304 0 0 0 0 0 0 0 0 0 0 0 0 0 0
20061010 18:30:58 0 0 6 0 2 12 0 79 21 33645 9250 0 135 0 0 0 0 77840 39363 5321 332936 0 0 0 0 0 0 0 0 0 0 0 0 0 0
20061010 18:30:59 0 0 6 0 2 11 0 80 20 33839 8739 0 135 0 0 0 0 77779 39374 5317 332921 0 0 0 0 0 0 0 0 0 0 0 0 0 0
20061010 18:31:00 0 0 6 0 2 11 0 81 19 33295 8962 0 135 1 0 0 0 77242 39083 5280 330669 0 0 0 0 0 0 0 0 0 0 0 0 0 0
20061010 18:31:01 0 0 6 0 2 11 0 80 20 33479 9191 0 135 0 0 0 0 77453 39205 5295 331896 0 0 0 0 0 0 0 0 0 0 0 0 0 0
20061010 18:31:02 0 0 6 0 2 11 0 81 19 33407 8954 0 135 2 0 0 0 77560 39144 5302 330988 0 0 0 0 0 0 0 0 0 0 0 0 0 0
20061010 18:31:03 0 0 6 0 2 12 0 80 20 33197 9008 0 135 0 0 0 0 77436 39322 5293 332619 0 0 0 0 0 0 0 0 0 0 0 0 0 0
20061010 18:31:04 0 0 6 0 2 11 0 80 20 33632 8976 0 135 1 0 0 0 77313 39098 5285 330572 0 0 0 0 0 0 0 0 0 0 0 0 0 0
20061010 18:31:05 0 0 6 0 2 12 0 80 20 33519 8763 0 135 0 0 0 0 77339 39178 5287 331186 0 0 0 0 0 0 0 0 0 0 0 0 0 0
20061010 18:31:06 0 0 6 0 2 11 0 81 19 32884 8826 0 135 0 0 0 0 76885 38843 5256 328566 0 0 0 0 0 0 0 0 0 0 0 0 0 0
20061010 18:31:07 0 0 7 0 2 11 0 79 21 33608 8745 0 135 1 0 0 0 77622 39250 5306 331792 0 0 0 0 0 0 0 0 0 0 0 0 0 0
20061010 18:31:08 0 0 7 0 2 11 0 80 20 32889 8818 0 135 1 0 0 0 76927 38928 5259 328432 0 0 0 0 0 0 0 0 0 0 0 0 0 0
20061010 18:31:09 0 0 7 0 2 12 0 79 21 33209 8872 0 135 0 0 0 0 77473 39096 5296 329884 0 0 0 0 0 0 0 0 0 0 0 0 0 0
20061010 18:31:10 0 0 7 0 2 11 0 79 21 33335 9278 0 135 1 0 0 0 77586 39266 5304 331588 0 0 0 0 0 0 0 0 0 0 0 0 0 0
20061010 18:31:11 0 0 7 0 2 12 0 78 22 33509 8993 0 135 2 0 0 0 77765 39194 5316 331044 0 0 0 0 0 0 0 0 0 0 0 0 0 0
20061010 18:31:12 0 0 7 0 2 11 0 80 20 33688 8729 0 135 2 0 0 0 77129 39191 5272 330366 0 0 0 0 0 0 0 0 0 0 0 0 0 0
20061010 18:31:13 0 0 7 0 2 11 0 80 20 33524 8454 0 135 0 0 0 0 77239 39099 5280 329874 0 0 0 0 0 0 0 0 0 0 0 0 0 0
20061010 18:31:14 0 0 7 0 2 12 0 78 22 33296 8987 0 135 0 0 0 0 77603 39177 5305 330725 0 1 0 0 0 0 0 0 0 0 0 0 0 0
20061010 18:31:15 0 0 8 0 2 11 0 78 22 33395 8569 0 135 1 0 0 0 77192 39103 5277 330196 0 0 0 0 0 0 0 0 0 0 0 0 0 0
20061010 18:31:16 0 0 7 0 2 11 0 79 21 33005 8679 0 135 1 0 0 0 76712 38800 5244 327438 0 0 0 0 0 0 0 0 0 0 0 0 0 0
20061010 18:31:17 0 0 7 0 2 12 0 79 21 32743 8647 0 135 2 0 0 0 76989 38946 5263 328825 0 0 0 0 0 0 0 0 0 0 0 0 0 0
20061010 18:31:18 0 0 7 0 2 11 0 79 21 32986 8958 0 135 1 0 0 0 76879 38904 5255 328455 0 0 0 0 0 0 0 0 0 0 0 0 0 0
20061010 18:31:19 0 0 7 0 2 11 0 79 21 33349 8829 0 135 2 0 0 0 77123 39044 5272 329626 0 0 0 0 0 0 2 2 0 8 8 0 0 0
20061010 18:31:20 0 0 8 0 2 12 0 78 22 33383 8907 0 135 0 0 0 0 77148 39020 5274 329321 0 0 0 0 0 0 0 0 0 0 0 0 0 0
20061010 18:31:21 0 0 7 0 2 11 0 79 21 33663 8873 0 135 1 0 0 0 77405 39189 5291 330720 0 0 0 0 0 0 0 0 0 0 0 0 0 0
20061010 18:31:22 0 0 7 0 2 12 0 78 22 33369 8898 0 135 0 0 0 0 77363 39102 5288 330184 0 0 0 0 0 0 0 0 0 0 0 0 0 0
20061010 18:31:23 0 0 8 0 2 11 0 79 21 33477 8908 0 135 0 1 0 0 77183 39210 5276 330990 0 0 0 0 0 0 0 0 0 0 0 0 0 0
20061010 18:31:24 0 0 7 0 2 12 0 79 21 33260 8841 0 135 0 1 0 0 77312 39132 5285 330285 0 0 0 0 0 0 0 0 0 0 0 0 0 0
20061010 18:31:25 0 0 6 0 2 11 0 80 20 33609 8649 0 135 1 1 0 0 77469 39143 5296 330704 0 0 0 0 0 0 0 0 0 0 0 0 0 0
20061010 18:31:26 0 0 7 0 2 12 0 78 22 33399 9055 0 135 1 1 0 0 77457 39065 5295 330063 0 0 0 0 0 0 0 0 0 0 0 0 0 0
20061010 18:31:27 0 0 8 0 2 12 0 78 22 33593 8982 0 135 2 1 0 0 77402 39175 5291 330552 0 0 0 0 0 0 0 0 0 0 0 0 0 0
20061010 18:31:28 0 0 7 0 2 12 0 79 21 33885 8764 0 135 1 0 0 0 77799 39346 5318 332009 0 0 0 0 0 0 0 0 0 0 0 0 0 0
20061010 18:31:29 0 0 8 0 2 11 0 79 21 33139 8432 0 135 0 0 0 0 76744 38945 5246 328651 0 0 0 0 0 0 2 2 0 12 12 0 1 1
20061010 18:31:30 0 0 7 0 2 11 0 79 21 33666 8893 0 135 1 0 0 0 77247 38962 5281 329133 0 0 0 0 0 0 0 0 0 0 0 0 0 0
20061010 18:31:31 0 0 7 0 2 11 0 79 21 34214 8904 0 135 0 0 0 0 77840 39212 5321 331007 0 0 0 0 0 0 0 0 0 0 0 0 0 0
20061010 18:31:32 0 0 7 0 2 11 0 79 21 34249 8863 0 135 0 0 0 0 77708 39185 5312 330844 0 0 0 0 0 0 0 0 0 0 0 0 0 0
20061010 18:31:33 0 0 8 0 2 12 0 78 22 34224 8908 0 135 1 0 0 0 77752 39218 5315 330819 0 0 0 0 0 0 0 0 0 0 0 0 0 0
20061010 18:31:34 0 0 7 0 2 11 0 79 21 33628 8538 0 135 1 0 0 0 77469 38874 5296 327858 0 0 0 0 0 0 0 0 0 0 0 0 0 0
20061010 18:31:35 0 0 8 0 2 11 0 80 20 32812 8960 0 135 0 0 0 0 76876 38908 5255 328577 0 0 0 0 0 0 0 0 0 0 0 0 0 0
20061010 18:31:36 0 0 7 0 2 11 0 80 20 32843 8934 0 135 0 0 0 0 76885 38851 5256 328119 0 0 0 0 0 0 0 0 0 0 0 0 0 0
20061010 18:31:37 0 0 7 0 2 11 0 80 20 32949 9053 0 133 0 0 0 0 77019 38976 5265 329222 0 0 0 0 0 0 0 0 0 0 0 0 0 0
20061010 18:31:38 0 0 7 0 2 12 0 79 21 33318 8973 0 133 0 0 0 0 77155 39166 5274 330727 0 0 0 0 0 0 0 0 0 0 0 0 0 0
20061010 18:31:39 0 0 7 0 3 11 0 79 21 33144 8633 0 133 0 0 0 0 77051 39032 5267 329125 0 0 0 0 0 0 0 0 0 0 0 0 0 0
20061010 18:31:40 0 0 8 0 2 11 0 79 21 33757 8631 0 133 2 0 0 0 77172 39184 5275 330917 0 0 0 0 0 0 0 0 0 0 0 0 0 0
20061010 18:31:41 0 0 7 0 2 12 0 78 22 33404 9563 0 131 1 0 0 0 77224 39319 5279 332034 0 0 0 0 0 0 0 0 0 0 0 0 0 0
20061010 18:31:42 0 0 8 0 2 10 0 79 21 33855 8900 0 131 1 0 0 0 77405 39298 5291 331835 0 0 0 0 0 0 0 0 0 0 0 0 0 0
20061010 18:31:43 0 0 8 0 2 11 0 79 21 33067 9013 0 131 0 1 0 0 76998 39016 5264 329465 0 1 0 0 0 0 0 0 0 0 0 0 0 0
20061010 18:31:44 0 0 7 0 2 12 0 79 21 33498 8851 0 131 1 1 0 0 77234 39149 5280 330741 0 0 0 0 0 0 0 0 0 0 0 0 0 0
20061010 18:31:45 0 0 7 0 2 12 0 79 21 33095 8827 0 131 1 1 0 0 76999 38984 5264 329438 0 0 0 0 0 0 0 0 0 0 0 0 0 0
20061010 18:31:46 0 0 7 0 2 12 0 79 21 33312 8694 0 131 0 1 0 0 77201 39074 5277 330065 0 0 0 0 0 0 0 0 0 0 0 0 0 0
20061010 18:31:47 0 0 7 0 2 11 0 80 20 33774 8693 0 131 2 1 0 0 77327 39173 5286 330565 0 0 0 0 0 0 0 0 0 0 0 0 0 0
20061010 18:31:48 0 0 8 0 2 12 0 78 22 33708 8932 0 131 1 0 0 0 77943 39322 5328 332013 0 0 0 0 0 0 0 0 0 0 0 0 0 0
20061010 18:31:49 0 0 7 0 2 12 0 78 22 33704 8679 0 131 0 0 0 0 77657 39370 5309 332197 0 0 0 0 0 0 0 0 0 0 0 0 0 0
20061010 18:31:50 0 0 7 0 2 12 0 79 21 33402 8680 0 131 0 0 0 0 76504 38811 5230 327501 0 0 0 0 0 0 0 0 0 0 0 0 0 0
20061010 18:31:51 0 0 8 0 2 12 0 78 22 33089 9358 0 131 0 0 0 0 77520 39245 5299 331813 0 0 0 0 0 0 0 0 0 0 0 0 0 0
20061010 18:31:52 0 0 7 0 2 11 0 79 21 33013 8582 0 131 1 0 0 0 76672 38784 5241 327159 0 0 0 0 0 0 3 3 0 40 40 0 7 7
20061010 18:31:53 0 0 8 0 2 11 0 79 21 33253 8608 0 131 1 1 0 0 77167 39063 5275 329315 0 0 0 0 0 0 0 0 0 0 0 0 0 0
20061010 18:31:54 0 0 7 0 2 10 0 80 20 33344 8585 0 131 0 1 0 0 77417 39058 5292 329535 0 0 0 0 0 0 0 0 0 0 0 0 0 0
20061010 18:31:55 0 0 7 0 2 12 0 79 21 33198 8678 0 131 2 1 0 0 77185 39051 5276 329767 0 0 0 0 0 0 0 0 0 0 0 0 0 0
20061010 18:31:56 0 0 7 0 3 12 0 78 22 33079 8888 0 131 1 1 0 0 77135 39055 5273 329540 0 0 0 0 0 0 0 0 0 0 0 0 0 0
20061010 18:31:57 0 0 8 0 2 12 0 78 22 32252 9137 0 131 1 1 0 0 76836 38777 5252 327587 0 0 0 0 0 0 0 0 0 0 0 0 0 0
20061010 18:31:58 0 0 4 0 1 7 0 87 13 18888 5513 0 131 0 1 0 0 49752 25301 3401 212975 0 0 0 0 0 0 0 0 0 0 0 0 0 0
20061010 18:31:59 0 0 0 0 0 0 0 100 0 4096 30 0 131 0 1 0 0 0 0 0 0 0 0 0 0 0 0 1 1 0 4 4 0 0 0
20061010 18:32:00 0 0 0 0 0 0 0 100 0 4124 52 0 131 0 1 0 0 0 0 0 0 0 0 0 0 0 0 0 0 0 0 0 0 0 0
20061010 18:32:01 0 0 0 0 0 0 0 100 0 4097 22 0 131 0 1 0 0 0 0 0 0 0 0 0 0 0 0 0 0 0 0 0 0 0 0
20061010 18:32:02 0 0 0 0 0 0 0 100 0 4124 48 0 131 0 1 0 0 0 0 0 0 0 0 0 0 0 0 0 0 0 0 0 0 0 0
20061010 18:32:03 0 0 0 0 0 0 0 100 0 4098 42 0 131 0 1 0 0 0 0 0 0 0 0 0 0 0 0 3 3 0 16 16 0 1 1
20061010 18:32:04 0 0 0 0 0 0 0 100 0 4125 38 0 131 0 1 0 0 0 0 0 0 0 0 0 0 0 0 0 0 0 0 0 0 0 0
20061010 18:32:05 0 0 0 0 0 0 0 100 0 4095 28 0 131 0 1 0 0 0 0 0 0 0 0 0 0 0 0 0 0 0 0 0 0 0 0
20061010 18:32:06 0 0 0 0 0 0 0 100 0 4125 44 0 131 0 1 0 0 0 0 0 0 0 0 0 0 0 0 0 0 0 0 0 0 0 0
20061010 18:32:07 0 0 0 0 0 0 0 100 0 4096 26 0 131 0 1 0 0 0 0 0 0 0 0 0 0 0 0 0 0 0 0 0 0 0 0
20061010 18:32:08 0 0 0 0 0 0 0 100 0 4124 48 0 131 0 0 0 0 0 0 0 0 0 0 0 0 0 0 0 0 0 0 0 0 0 0
20061010 18:32:09 0 0 0 0 0 0 0 100 0 4096 34 0 131 0 0 0 0 0 0 0 0 0 0 0 0 0 0 0 0 0 0 0 0 0 0
20061010 18:32:10 0 0 2 0 1 4 0 93 7 11916 3479 0 131 0 0 0 0 28837 17846 1971 124521 0 0 0 0 0 0 0 0 0 0 0 0 0 0
20061010 18:32:11 0 0 5 0 2 10 0 83 17 27776 7887 0 131 1 0 0 0 67822 39437 4636 291241 0 1 0 0 0 0 0 0 0 0 0 0 0 0
20061010 18:32:12 0 0 7 0 2 12 0 79 21 29961 10081 0 131 3 0 0 0 82229 41805 5621 351746 0 0 0 0 0 0 0 0 0 0 0 0 0 0
20061010 18:32:13 0 0 7 0 2 12 0 79 21 28688 9899 0 131 0 0 0 0 82534 42169 5642 357348 0 0 0 0 0 0 0 0 0 0 0 0 0 0
20061010 18:32:14 0 0 7 0 2 13 0 78 22 28335 10280 0 131 1 0 0 0 82953 42052 5671 356225 0 0 0 0 0 0 0 0 0 0 0 0 0 0
20061010 18:32:15 0 0 8 0 2 13 0 77 23 28755 10132 0 131 2 0 0 0 82753 42217 5657 357654 0 0 0 0 0 0 0 0 0 0 0 0 0 0
20061010 18:32:16 0 0 9 0 2 11 0 77 23 28755 10017 0 131 2 0 0 0 81842 42231 5595 357369 0 0 0 0 0 0 0 0 0 0 0 0 0 0
20061010 18:32:17 0 0 8 0 2 13 0 77 23 28496 10304 0 131 0 0 0 0 83838 42106 5731 356888 0 0 0 0 0 0 0 0 0 0 0 0 0 0
20061010 18:32:18 0 0 9 0 2 12 0 77 23 28819 10165 0 131 0 0 0 0 83657 42170 5719 357220 0 0 0 0 0 0 0 0 0 0 0 0 0 0
20061010 18:32:19 0 0 7 0 2 12 0 79 21 28718 10118 0 131 1 0 0 0 82055 42206 5609 357482 0 0 0 0 0 0 0 0 0 0 0 0 0 0
20061010 18:32:20 0 0 7 0 2 13 0 78 22 28584 10098 0 131 1 0 0 0 82964 42167 5671 357237 0 0 0 0 0 0 0 0 0 0 0 0 0 0
20061010 18:32:21 0 0 7 0 2 12 0 78 22 28886 10358 0 131 1 0 0 0 82097 42353 5612 358906 0 0 0 0 0 0 0 0 0 0 0 0 0 0
20061010 18:32:22 0 0 7 0 2 12 0 78 22 28818 9932 0 131 1 0 0 0 83193 42231 5687 357760 0 0 0 0 0 0 0 0 0 0 0 0 0 0
20061010 18:32:23 0 0 7 0 2 13 0 77 23 28800 10081 0 131 1 0 0 0 82598 42243 5646 357860 0 0 0 0 0 0 0 0 0 0 0 0 0 0
20061010 18:32:24 0 0 8 0 2 12 0 78 22 28553 10045 0 131 2 0 0 0 82875 42133 5665 356862 0 0 0 0 0 0 6 6 0 32 32 0 2 2
20061010 18:32:25 0 0 7 0 2 13 0 77 23 28786 10228 0 131 0 0 0 0 82371 42276 5631 358043 0 0 0 0 0 0 0 0 0 0 0 0 0 0
20061010 18:32:26 0 0 8 0 2 12 0 78 22 28763 10224 0 131 1 0 0 0 82304 42169 5626 357238 0 0 0 0 0 0 0 0 0 0 0 0 0 0
20061010 18:32:27 0 0 7 0 2 13 0 78 22 28368 10122 0 131 1 0 0 0 82869 42135 5665 357178 0 0 0 0 0 0 0 0 0 0 0 0 0 0
20061010 18:32:28 0 0 8 0 2 12 0 77 23 28817 10449 0 131 2 0 0 0 82227 42330 5621 358704 0 0 0 0 0 0 0 0 0 0 0 0 0 0
20061010 18:32:29 0 0 9 0 2 12 0 77 23 28482 10203 0 131 1 0 0 0 83003 42155 5674 357141 0 0 0 0 0 0 0 0 0 0 0 0 0 0
20061010 18:32:30 0 0 8 0 2 12 0 77 23 28375 10448 0 131 0 0 0 0 83342 42201 5697 357283 0 0 0 0 0 0 0 0 0 0 0 0 0 0
20061010 18:32:31 0 0 9 0 2 12 0 77 23 28396 10203 0 131 2 0 0 0 82507 42211 5640 357195 0 0 0 0 0 0 0 0 0 0 0 0 0 0
20061010 18:32:32 0 0 8 0 2 12 0 78 22 29067 10178 0 131 0 0 0 0 80939 42363 5533 358414 0 0 0 0 0 0 0 0 0 0 0 0 0 0
20061010 18:32:33 0 0 8 0 2 13 0 77 23 28572 10227 0 131 2 1 0 0 82511 42263 5640 357509 0 0 0 0 0 0 0 0 0 0 0 0 0 0
20061010 18:32:34 0 0 9 0 2 12 0 77 23 28778 10130 0 131 1 1 0 0 82687 42289 5652 357728 0 0 0 0 0 0 2 2 0 8 8 0 0 0
20061010 18:32:35 0 0 9 0 2 13 0 76 24 28490 10276 0 131 1 1 0 0 81943 42210 5602 357178 0 0 0 0 0 0 0 0 0 0 0 0 0 0
20061010 18:32:36 0 0 9 0 2 12 0 77 23 28771 10226 0 131 2 1 0 0 82407 42314 5633 358082 0 0 0 0 0 0 0 0 0 0 0 0 0 0
20061010 18:32:37 0 0 8 0 2 12 0 77 23 28913 10354 0 131 1 1 0 0 82757 42258 5657 357739 0 0 0 0 0 0 0 0 0 0 0 0 0 0
20061010 18:32:38 0 0 9 0 2 13 0 76 24 28983 10291 0 131 0 1 0 0 81908 42261 5599 357848 0 0 0 0 0 0 0 0 0 0 0 0 0 0
20061010 18:32:39 0 0 8 0 2 12 0 77 23 28927 10179 0 131 1 1 0 0 82046 42435 5609 359076 0 0 0 0 0 0 0 0 0 0 0 0 0 0
20061010 18:32:40 0 0 8 0 2 13 0 76 24 28320 10170 0 131 2 1 0 0 83765 41975 5726 355064 0 0 0 0 0 0 0 0 0 0 0 0 0 0
20061010 18:32:41 0 0 9 0 2 13 0 76 24 28841 10079 0 131 0 1 0 0 83045 42213 5677 357587 0 0 0 0 0 0 0 0 0 0 0 0 0 0
20061010 18:32:42 0 0 9 0 2 12 0 77 23 28495 10377 0 131 1 1 0 0 83719 42167 5723 356712 0 0 0 0 0 0 0 0 0 0 0 0 0 0
20061010 18:32:43 0 0 9 0 2 13 0 75 25 28571 10436 0 131 1 1 0 0 83252 42302 5691 357981 0 0 0 0 0 0 0 0 0 0 0 0 0 0
20061010 18:32:44 0 0 9 0 2 13 0 76 24 29116 10415 0 131 0 1 0 0 83728 42222 5724 357581 0 1 0 0 0 0 0 0 0 0 0 0 0 0
20061010 18:32:45 0 0 9 0 2 13 0 76 24 30465 10188 0 131 1 1 0 0 83416 42445 5702 359061 0 0 0 0 0 0 0 0 0 0 0 0 0 0
20061010 18:32:46 0 0 8 0 2 13 0 77 23 30552 10203 0 131 0 1 0 0 84187 42295 5755 358200 0 0 0 0 0 0 0 0 0 0 0 0 0 0
20061010 18:32:47 0 0 8 0 2 13 0 76 24 30282 10183 0 131 1 1 0 0 84092 42400 5748 358990 0 0 0 0 0 0 3 3 0 52 52 0 10 10
20061010 18:32:48 0 0 8 0 2 13 0 76 24 30463 10133 0 131 0 1 0 0 84238 42234 5758 357755 0 0 0 0 0 0 0 0 0 0 0 0 0 0
20061010 18:32:49 0 0 8 0 2 13 0 76 24 30092 10053 0 131 1 1 0 0 84175 42260 5754 357851 0 0 0 0 0 0 0 0 0 0 0 0 0 0
20061010 18:32:50 0 0 9 0 2 12 0 77 23 28302 10137 0 131 1 1 0 0 83643 42110 5718 356456 0 0 0 0 0 0 0 0 0 0 0 0 0 0
20061010 18:32:51 0 0 9 0 2 13 0 76 24 28762 9960 0 131 1 1 0 0 82966 42086 5672 356795 0 0 0 0 0 0 0 0 0 0 0 0 0 0
20061010 18:32:52 0 0 9 0 2 13 0 76 24 28540 9999 0 131 2 1 0 0 83395 42169 5701 357099 0 0 0 0 0 0 0 0 0 0 0 0 0 0
20061010 18:32:53 0 0 9 0 2 13 0 76 24 28588 10299 0 131 1 1 0 0 82285 42245 5625 357670 0 0 0 0 0 0 0 0 0 0 0 0 0 0
20061010 18:32:54 0 0 9 0 2 12 0 77 23 28636 10077 0 131 2 1 0 0 83321 42156 5696 356892 0 0 0 0 0 0 0 0 0 0 0 0 0 0
20061010 18:32:55 0 0 9 0 2 12 0 77 23 28785 10242 0 131 2 1 0 0 83129 42252 5683 357553 0 0 0 0 0 0 0 0 0 0 0 0 0 0
20061010 18:32:56 0 0 8 0 2 12 0 77 23 28544 10190 0 131 0 1 0 0 82722 42184 5655 357409 0 0 0 0 0 0 0 0 0 0 0 0 0 0
20061010 18:32:57 0 0 8 0 2 13 0 77 23 28702 10334 0 131 1 1 0 0 83599 42119 5715 356647 0 0 0 0 0 0 0 0 0 0 0 0 0 0
20061010 18:32:58 0 0 9 0 2 13 0 76 24 28799 9866 0 131 2 1 0 0 83367 42201 5699 357067 0 0 0 0 0 0 0 0 0 0 0 0 0 0
20061010 18:32:59 0 0 8 0 2 12 0 77 23 28797 9910 0 131 2 1 0 0 82583 42240 5645 357677 0 0 0 0 0 0 0 0 0 0 0 0 0 0
20061010 18:33:00 0 0 9 0 2 12 0 77 23 28403 10079 0 131 0 1 0 0 82598 42104 5646 356672 0 0 0 0 0 0 0 0 0 0 0 0 0 0
20061010 18:33:01 0 0 9 0 2 13 0 77 23 28856 10164 0 131 1 1 0 0 82880 42284 5666 358157 0 0 0 0 0 0 0 0 0 0 0 0 0 0
20061010 18:33:02 0 0 9 0 2 11 0 77 23 28877 10022 0 131 3 1 0 0 82312 42206 5627 357148 0 0 0 0 0 0 0 0 0 0 0 0 0 0
20061010 18:33:03 0 0 9 0 2 12 0 77 23 28575 9977 0 131 0 1 0 0 82736 42215 5656 357274 0 0 0 0 0 0 0 0 0 0 0 0 0 0
20061010 18:33:04 0 0 8 0 2 12 0 77 23 28514 10224 0 131 2 1 0 0 83261 42168 5692 356936 0 0 0 0 0 0 0 0 0 0 0 0 0 0
20061010 18:33:05 0 0 8 0 2 12 0 77 23 28799 10050 0 131 1 1 0 0 83012 42152 5675 356785 0 0 0 0 0 0 0 0 0 0 0 0 0 0
20061010 18:33:06 0 0 9 0 2 12 0 77 23 28778 10042 0 131 0 1 0 0 83054 42216 5678 357575 0 0 0 0 0 0 0 0 0 0 0 0 0 0
20061010 18:33:07 0 0 8 0 2 12 0 77 23 28678 10135 2 133 1 1 0 0 82958 42142 5671 356527 0 0 0 0 0 0 0 0 0 0 0 0 0 0
20061010 18:33:08 0 0 9 0 2 13 0 77 23 28618 10190 0 133 1 1 0 0 83497 42244 5708 357548 0 0 0 0 0 0 0 0 0 0 0 0 0 0
20061010 18:33:09 0 0 8 0 2 13 0 77 23 28863 10017 0 133 1 1 0 0 82286 42290 5625 358018 0 0 0 0 0 0 0 0 0 0 0 0 0 0
20061010 18:33:10 0 0 7 0 2 13 0 78 22 28816 9902 0 133 1 1 0 0 82222 42201 5621 357098 0 0 0 0 0 0 0 0 0 0 0 0 0 0
20061010 18:33:11 0 0 8 0 2 13 0 77 23 28876 10070 0 133 2 1 0 0 83163 42219 5685 357472 0 0 0 0 0 0 0 0 0 0 0 0 0 0
20061010 18:33:12 0 0 8 0 2 13 0 76 24 29001 9802 1 133 2 1 0 0 82355 42300 5630 357849 0 1 0 0 0 0 2 2 0 60 60 0 13 13
20061010 18:33:13 0 0 8 0 2 13 0 76 24 28817 10310 0 133 0 1 0 0 82065 42261 5610 357936 0 0 0 0 0 0 0 0 0 0 0 0 0 0
20061010 18:33:14 0 0 8 0 2 13 0 76 24 28725 10130 0 133 0 1 0 0 82739 42258 5656 357852 0 0 0 0 0 0 0 0 0 0 0 0 0 0
20061010 18:33:15 0 0 9 0 2 12 0 77 23 28445 10337 0 133 0 1 0 0 83604 42078 5715 356422 0 0 0 0 0 0 0 0 0 0 0 0 0 0
20061010 18:33:16 0 0 9 0 2 12 0 77 23 28837 10392 0 133 0 1 0 0 82481 42199 5638 357508 0 0 0 0 0 0 0 0 0 0 0 0 0 0
20061010 18:33:17 0 0 9 0 2 12 0 77 23 28812 10379 0 133 0 1 0 0 82080 42324 5611 358169 0 0 0 0 0 0 0 0 0 0 0 0 0 0
20061010 18:33:18 0 0 8 0 2 12 0 77 23 28874 10174 0 133 0 1 0 0 82250 42189 5623 357193 0 0 0 0 0 0 0 0 0 0 0 0 0 0
20061010 18:33:19 0 0 8 0 2 12 0 78 22 29008 9784 0 133 0 1 0 0 82975 42312 5672 357672 0 0 0 0 0 0 6 6 0 32 32 0 2 2
20061010 18:33:20 0 0 8 0 2 12 0 77 23 28544 10245 0 133 3 1 0 0 83576 42206 5713 357362 0 0 0 0 0 0 0 0 0 0 0 0 0 0
20061010 18:33:21 0 0 9 0 2 13 0 76 24 28633 10062 0 133 1 1 0 0 82542 42211 5643 357376 0 0 0 0 0 0 0 0 0 0 0 0 0 0
20061010 18:33:22 0 0 8 0 2 13 0 77 23 29153 10021 0 133 2 1 0 0 83244 42308 5691 357979 0 0 0 0 0 0 0 0 0 0 0 0 0 0
20061010 18:33:23 0 0 8 0 2 13 0 77 23 28699 10118 0 133 1 1 0 0 82506 42257 5640 357732 0 0 0 0 0 0 0 0 0 0 0 0 0 0
20061010 18:33:24 0 0 9 0 2 13 0 76 24 28780 10246 0 133 0 1 0 0 83474 42280 5706 357811 0 0 0 0 0 0 6 6 0 36 36 0 3 3
20061010 18:33:25 0 0 9 0 2 12 0 77 23 28485 10574 0 133 0 1 0 0 82623 42206 5648 357270 0 0 0 0 0 0 0 0 0 0 0 0 0 0
20061010 18:33:26 0 0 10 0 2 13 0 76 24 28931 10329 0 133 0 1 0 0 82553 42247 5643 357848 0 0 0 0 0 0 0 0 0 0 0 0 0 0
20061010 18:33:27 0 0 9 0 2 12 0 76 24 28840 10330 0 133 0 1 0 0 82436 42278 5635 358155 0 0 0 0 0 0 0 0 0 0 0 0 0 0
20061010 18:33:28 0 0 9 0 2 13 0 76 24 28763 10061 0 133 3 1 0 0 84046 42166 5745 357004 0 0 0 0 0 0 0 0 0 0 0 0 0 0
20061010 18:33:29 0 0 8 0 2 13 0 77 23 28520 10164 0 133 2 1 0 0 83501 42191 5708 356980 0 0 0 0 0 0 0 0 0 0 0 0 0 0
20061010 18:33:30 0 0 9 0 2 12 0 77 23 28645 10205 0 133 1 1 0 0 82390 42232 5632 357439 0 0 0 0 0 0 0 0 0 0 0 0 0 0
20061010 18:33:31 0 0 9 0 2 12 0 76 24 28860 10101 0 133 2 1 0 0 82545 42301 5643 358212 0 0 0 0 0 0 0 0 0 0 0 0 0 0
20061010 18:33:32 0 0 8 0 2 12 0 77 23 28713 10280 0 133 0 1 0 0 82002 42205 5606 357493 0 0 0 0 0 0 0 0 0 0 0 0 0 0
20061010 18:33:33 0 0 8 0 2 13 0 76 24 28842 10292 0 133 0 1 0 0 83229 42252 5689 357843 0 0 0 0 0 0 0 0 0 0 0 0 0 0
20061010 18:33:34 0 0 9 0 2 12 0 77 23 28738 10481 0 133 0 1 0 0 82499 42233 5640 357595 0 0 0 0 0 0 0 0 0 0 0 0 0 0
20061010 18:33:35 0 0 9 0 2 13 0 75 25 28870 10299 0 133 0 1 0 0 81944 42320 5602 358393 0 0 0 0 0 0 0 0 0 0 0 0 0 0
20061010 18:33:36 0 0 9 0 2 13 0 76 24 28421 10180 0 133 1 1 0 0 82800 42118 5660 356449 0 0 0 0 0 0 0 0 0 0 0 0 0 0
20061010 18:33:37 0 0 10 0 2 13 0 76 24 28428 10438 0 133 1 1 0 0 83993 42084 5742 356705 0 0 0 0 0 0 0 0 0 0 0 0 0 0
20061010 18:33:38 0 0 8 0 2 11 0 78 22 32697 9108 0 133 1 1 0 0 77203 39566 5278 334112 0 0 0 0 0 0 0 0 0 0 0 0 0 0
20061010 18:33:39 0 0 4 0 1 6 0 89 11 17153 5246 0 133 1 1 0 0 46974 24378 3211 205236 0 0 0 0 0 0 0 0 0 0 0 0 0 0
20061010 18:33:40 0 0 0 0 0 0 0 100 0 4573 184 0 133 0 1 0 0 1299 667 89 5582 0 0 0 0 0 0 0 0 0 0 0 0 0 0
20061010 18:33:41 0 0 0 0 0 0 0 100 0 4096 28 0 133 0 1 0 0 0 0 0 0 0 0 0 0 0 0 0 0 0 0 0 0 0 0
20061010 18:33:42 0 0 0 0 0 0 0 100 0 4124 40 0 133 0 1 0 0 0 0 0 0 0 0 0 0 0 0 0 0 0 0 0 0 0 0
20061010 18:33:43 0 0 0 0 0 0 0 100 0 4099 38 0 133 0 1 0 0 0 0 0 0 0 0 0 0 0 0 3 3 0 16 16 0 1 1
20061010 18:33:44 0 0 0 0 0 0 0 100 0 4124 44 0 133 0 1 0 0 0 0 0 0 0 0 0 0 0 0 0 0 0 0 0 0 0 0
20061010 18:33:45 0 0 0 0 0 0 0 100 0 4096 22 0 133 0 1 0 0 0 0 0 0 0 1 0 0 0 0 0 0 0 0 0 0 0 0
20061010 18:33:46 0 0 0 0 0 0 0 100 0 4124 44 0 133 0 1 0 0 0 0 0 0 0 0 0 0 0 0 0 0 0 0 0 0 0 0
20061010 18:33:47 0 0 0 0 0 0 0 100 0 4096 30 0 133 0 1 0 0 0 0 0 0 0 0 0 0 0 0 0 0 0 0 0 0 0 0
20061010 18:33:48 0 0 0 0 0 0 0 100 0 4124 40 0 133 0 1 0 0 0 0 0 0 0 0 0 0 0 0 0 0 0 0 0 0 0 0
20061010 18:33:49 0 0 0 0 0 0 0 100 0 4096 30 0 133 0 1 0 0 0 0 0 0 0 0 0 0 0 0 0 0 0 0 0 0 0 0
20061010 18:33:50 0 0 0 0 0 0 0 100 0 4124 44 0 133 0 1 0 0 0 0 0 0 0 0 0 0 0 0 0 0 0 0 0 0 0 0
20061010 18:33:51 0 0 3 0 1 4 0 92 8 12137 3569 0 133 0 1 0 0 29611 18475 2024 128322 0 0 0 0 0 0 0 0 0 0 0 0 0 0
20061010 18:33:52 0 0 6 0 2 10 0 83 17 25002 7642 0 133 1 1 0 0 63462 37385 4338 271984 0 0 0 0 0 0 0 0 0 0 0 0 0 0
20061010 18:33:53 0 0 9 0 2 12 0 77 23 27959 10601 0 133 3 1 0 0 78535 46763 5369 363908 0 0 0 0 0 0 0 0 0 0 0 0 0 0
20061010 18:33:54 0 0 8 0 2 12 0 77 23 26833 11156 0 133 1 1 0 0 74212 46846 5073 370083 0 0 0 0 0 0 0 0 0 0 0 0 0 0
20061010 18:33:55 0 0 8 0 2 12 0 78 22 26923 10878 0 133 0 1 0 0 74378 45885 5084 370243 0 0 0 0 0 0 0 0 0 0 0 0 0 0
20061010 18:33:56 0 0 8 0 2 12 0 77 23 26721 10996 0 133 2 1 0 0 74161 45395 5070 369761 0 0 0 0 0 0 0 0 0 0 0 0 0 0
20061010 18:33:57 0 0 8 0 2 12 0 77 23 27056 10520 0 133 2 1 0 0 75251 43526 5144 369127 0 0 0 0 0 0 0 0 0 0 0 0 0 0
20061010 18:33:58 0 0 8 0 2 12 0 77 23 27209 10887 0 133 1 1 0 0 75776 43591 5180 369582 0 0 0 0 0 0 0 0 0 0 0 0 0 0
20061010 18:33:59 0 0 8 0 2 12 0 78 22 27157 10570 0 133 0 1 0 0 75029 43654 5129 370124 0 0 0 0 0 0 0 0 0 0 0 0 0 0
20061010 18:34:00 0 0 8 0 2 12 0 78 22 27519 10594 0 133 2 1 0 0 73823 43726 5046 370473 0 0 0 0 0 0 0 0 0 0 0 0 0 0
20061010 18:34:01 0 0 8 0 2 13 0 78 22 27203 10843 0 133 2 1 0 0 74565 43625 5097 369749 0 0 0 0 0 0 0 0 0 0 0 0 0 0
20061010 18:34:02 0 0 8 0 2 12 0 78 22 27390 10668 0 133 2 1 0 0 74455 43654 5090 370122 0 0 0 0 0 0 0 0 0 0 0 0 0 0
20061010 18:34:03 0 0 8 0 2 12 0 78 22 26941 10834 0 133 2 1 0 0 75096 43547 5134 369436 0 0 0 0 0 0 0 0 0 0 0 0 0 0
20061010 18:34:04 0 0 8 0 2 11 0 78 22 27273 11021 0 133 2 1 0 0 72636 43741 4965 371170 0 0 0 0 0 0 0 0 0 0 0 0 0 0
20061010 18:34:05 0 0 8 0 2 12 0 78 22 27458 10808 0 133 0 1 0 0 74775 43587 5112 369789 0 0 0 0 0 0 0 0 0 0 0 0 0 0
20061010 18:34:06 0 0 9 0 2 11 0 78 22 27014 10874 0 133 2 1 0 0 73608 43644 5032 370238 0 0 0 0 0 0 0 0 0 0 0 0 0 0
20061010 18:34:07 0 0 8 0 2 12 0 77 23 27410 10514 0 133 1 1 0 0 74293 43696 5079 370464 0 0 0 0 0 0 0 0 0 0 0 0 0 0
20061010 18:34:08 0 0 7 0 2 13 0 78 22 27647 10818 0 133 1 1 0 0 72147 43719 4932 370796 0 0 0 0 0 0 0 0 0 0 0 0 0 0
20061010 18:34:09 0 0 8 0 2 12 0 78 22 27840 10247 0 133 1 1 0 0 75000 43699 5127 370146 0 0 0 0 0 0 0 0 0 0 0 0 0 0
20061010 18:34:10 0 0 8 0 2 12 0 78 22 27181 10863 0 133 1 1 0 0 74369 43617 5084 369866 0 0 0 0 0 0 0 0 0 0 0 0 0 0
20061010 18:34:11 0 0 8 0 2 12 0 77 23 27307 10895 0 133 2 1 0 0 74021 43708 5060 370710 0 0 0 0 0 0 0 0 0 0 0 0 0 0
20061010 18:34:12 0 0 8 0 2 13 0 77 23 27353 10652 0 133 3 1 0 0 74702 43583 5107 369687 0 0 0 0 0 0 0 0 0 0 0 0 0 0
20061010 18:34:13 0 0 8 0 2 12 0 77 23 27213 10807 0 133 2 1 0 0 75317 43593 5149 369367 0 1 0 0 0 0 0 0 0 0 0 0 0 0
20061010 18:34:14 0 0 9 0 2 13 0 76 24 27233 10858 0 133 0 1 0 0 74988 43718 5126 370375 0 0 0 0 0 0 2 2 0 8 8 0 0 0
20061010 18:34:15 0 0 9 0 2 12 0 77 23 27014 10703 0 133 3 1 0 0 74672 43621 5105 369732 0 0 0 0 0 0 0 0 0 0 0 0 0 0
20061010 18:34:16 0 0 8 0 2 12 0 77 23 27234 10692 0 133 0 1 0 0 74689 43691 5106 370186 0 0 0 0 0 0 0 0 0 0 0 0 0 0
20061010 18:34:17 0 0 10 0 2 12 0 76 24 27143 10865 0 133 2 1 0 0 74226 43599 5074 369656 0 0 0 0 0 0 0 0 0 0 0 0 0 0
20061010 18:34:18 0 0 9 0 2 12 0 77 23 27159 10742 0 133 2 1 0 0 73810 43604 5046 369767 0 0 0 0 0 0 0 0 0 0 0 0 0 0
20061010 18:34:19 0 0 9 0 2 12 0 77 23 27427 10751 0 133 0 1 0 0 73778 43699 5043 370457 0 0 0 0 0 0 0 0 0 0 0 0 0 0
20061010 18:34:20 0 0 9 0 2 12 0 77 23 27259 10938 0 133 1 1 0 0 74319 43665 5080 370086 0 0 0 0 0 0 0 0 0 0 0 0 0 0
20061010 18:34:21 0 0 10 0 2 13 0 75 25 27102 10707 0 133 1 1 0 0 74972 43613 5125 369549 0 0 0 0 0 0 0 0 0 0 0 0 0 0
20061010 18:34:22 0 0 9 0 2 12 0 77 23 27342 10728 0 133 0 1 0 0 75119 43710 5135 369933 0 0 0 0 0 0 0 0 0 0 0 0 0 0
20061010 18:34:23 0 0 9 0 2 12 0 77 23 27214 10759 0 133 2 1 0 0 75096 43664 5134 369910 0 0 0 0 0 0 0 0 0 0 0 0 0 0
20061010 18:34:24 0 0 9 0 2 12 0 77 23 27215 10838 0 133 0 1 0 0 74478 43658 5091 370003 0 0 0 0 0 0 0 0 0 0 0 0 0 0
20061010 18:34:25 0 0 9 0 2 12 0 76 24 26791 10926 0 133 2 1 0 0 74037 43598 5061 369564 0 0 0 0 0 0 0 0 0 0 0 0 0 0
20061010 18:34:26 0 0 9 0 2 13 0 76 24 28014 10760 0 133 2 1 0 0 75922 43591 5190 369576 0 0 0 0 0 0 0 0 0 0 0 0 0 0
20061010 18:34:27 0 0 8 0 2 14 0 76 24 28420 10729 0 133 2 1 0 0 76490 43743 5229 370520 0 0 0 0 0 0 0 0 0 0 0 0 0 0
20061010 18:34:28 0 0 9 0 2 13 0 76 24 28704 10696 0 133 0 1 0 0 75438 43723 5157 370644 0 0 0 0 0 0 0 0 0 0 0 0 0 0
20061010 18:34:29 0 0 10 0 2 12 0 76 24 28201 10906 0 133 2 1 0 0 77180 43724 5276 370429 0 0 0 0 0 0 0 0 0 0 0 0 0 0
20061010 18:34:30 0 0 9 0 2 14 0 75 25 28393 10830 0 133 3 1 0 0 75864 43732 5186 370554 0 0 0 0 0 0 0 0 0 0 0 0 0 0
20061010 18:34:31 0 0 8 0 2 12 0 77 23 27608 10760 0 133 2 1 0 0 74794 43708 5113 370179 0 0 0 0 0 0 0 0 0 0 0 0 0 0
20061010 18:34:32 0 0 10 0 2 12 0 76 24 27145 10629 0 133 2 1 0 0 75818 43575 5183 369370 0 0 0 0 0 0 0 0 0 0 0 0 0 0
20061010 18:34:33 0 0 10 0 2 12 0 76 24 27279 10644 0 133 0 1 0 0 73591 43742 5031 370540 0 0 0 0 0 0 0 0 0 0 0 0 0 0
20061010 18:34:34 0 0 9 0 2 12 0 76 24 27131 10849 0 133 3 1 0 0 74714 43634 5107 369744 0 0 0 0 0 0 0 0 0 0 0 0 0 0
20061010 18:34:35 0 0 9 0 2 12 0 76 24 27484 10535 0 133 2 1 0 0 74323 43765 5081 370476 0 0 0 0 0 0 0 0 0 0 0 0 0 0
20061010 18:34:36 0 0 9 0 2 12 0 77 23 27459 10683 0 133 0 1 0 0 74683 43652 5105 369923 0 0 0 0 0 0 0 0 0 0 0 0 0 0
20061010 18:34:37 0 0 9 0 2 13 0 76 24 26953 10810 0 133 1 1 0 0 75777 43507 5180 368715 0 0 0 0 0 0 0 0 0 0 0 0 0 0
20061010 18:34:38 0 0 9 0 2 12 0 76 24 27481 10803 0 133 2 1 0 0 74717 43793 5108 371002 0 0 0 0 0 0 0 0 0 0 0 0 0 0
20061010 18:34:39 0 0 9 0 2 12 0 77 23 27041 10621 0 133 1 1 0 0 76232 43600 5211 369451 0 0 0 0 0 0 0 0 0 0 0 0 0 0
20061010 18:34:40 0 0 10 0 2 12 0 76 24 27068 10906 0 133 2 1 0 0 73634 43604 5034 369564 0 0 0 0 0 0 0 0 0 0 0 0 0 0
20061010 18:34:41 0 0 10 0 2 12 0 75 25 27297 10720 0 133 0 1 0 0 74266 43701 5077 369955 0 0 0 0 0 0 0 0 0 0 0 0 0 0
20061010 18:34:42 0 0 10 0 2 12 0 76 24 26919 10775 0 133 1 1 0 0 75029 43539 5129 369030 0 1 0 0 0 0 0 0 0 0 0 0 0 0
20061010 18:34:43 0 0 10 0 2 13 0 75 25 27111 10771 0 133 1 1 0 0 75606 43657 5168 369714 0 0 0 0 0 0 0 0 0 0 0 0 0 0
20061010 18:34:44 0 0 10 0 2 12 0 76 24 27389 10797 0 133 2 1 0 0 74679 43705 5105 370386 0 0 0 0 0 0 0 0 0 0 0 0 0 0
20061010 18:34:45 0 0 9 0 1 12 0 76 24 27288 10606 0 133 2 1 0 0 74517 43734 5094 370232 0 0 0 0 0 0 0 0 0 0 0 0 0 0
20061010 18:34:46 0 0 9 0 2 13 0 75 25 27157 10900 0 133 2 1 0 0 75089 43595 5133 369267 0 0 0 0 0 0 0 0 0 0 0 0 0 0
20061010 18:34:47 0 0 10 0 2 13 0 75 25 27213 11001 0 133 1 1 0 0 74565 43699 5097 370565 0 0 0 0 0 0 0 0 0 0 0 0 0 0
20061010 18:34:48 0 0 9 0 2 12 0 76 24 27162 11087 0 133 2 1 0 0 73937 43727 5054 370784 0 0 0 0 0 0 0 0 0 0 0 0 0 0
20061010 18:34:49 0 0 10 0 2 13 0 76 24 27470 10771 0 133 0 1 0 0 73987 43799 5058 370681 0 0 0 0 0 0 0 0 0 0 0 0 0 0
20061010 18:34:50 0 0 9 0 2 12 0 77 23 27270 10865 0 133 1 1 0 0 74228 43773 5074 370905 0 0 0 0 0 0 0 0 0 0 0 0 0 0
20061010 18:34:51 0 0 11 0 2 11 0 75 25 27360 10698 0 133 0 1 0 0 75182 43569 5139 369308 0 0 0 0 0 0 0 0 0 0 0 0 0 0
20061010 18:34:52 0 0 9 0 2 13 0 77 23 27442 10907 0 133 0 1 0 0 74711 43635 5107 370240 0 0 0 0 0 0 0 0 0 0 0 0 0 0
20061010 18:34:53 0 0 9 0 2 12 0 76 24 27106 10545 0 133 1 1 0 0 75270 43639 5145 369717 0 0 0 0 0 0 0 0 0 0 0 0 0 0
20061010 18:34:54 0 0 9 0 2 12 0 77 23 27063 10829 0 133 2 1 0 0 74805 43621 5114 369543 0 0 0 0 0 0 0 0 0 0 0 0 0 0
20061010 18:34:55 0 0 9 0 2 12 0 76 24 27077 10700 0 133 1 1 0 0 74760 43627 5111 369633 0 0 0 0 0 0 0 0 0 0 0 0 0 0
20061010 18:34:56 0 0 9 0 2 13 0 77 23 27355 10728 0 133 2 1 0 0 75213 43539 5142 369018 0 0 0 0 0 0 0 0 0 0 0 0 0 0
20061010 18:34:57 0 0 9 0 2 12 0 76 24 27358 10684 0 133 1 1 0 0 73818 43662 5046 369987 0 0 0 0 0 0 0 0 0 0 0 0 0 0
20061010 18:34:58 0 0 10 0 2 13 0 76 24 27132 10835 0 133 3 1 0 0 74692 43657 5106 370030 0 0 0 0 0 0 0 0 0 0 0 0 0 0
20061010 18:34:59 0 0 10 0 2 13 0 76 24 27450 10363 0 133 1 1 0 0 74782 43672 5112 369777 0 0 0 0 0 0 0 0 0 0 0 0 0 0
20061010 18:35:00 0 0 9 0 2 12 0 76 24 27296 10791 0 133 2 1 0 0 73588 43718 5030 370551 0 0 0 0 0 0 0 0 0 0 0 0 0 0
20061010 18:35:01 0 0 10 0 2 12 0 76 24 26742 10862 0 133 2 1 0 0 76062 43580 5200 369365 0 0 0 0 0 0 0 0 0 0 0 0 0 0
20061010 18:35:02 0 0 9 0 2 12 0 77 23 27107 10685 0 133 1 1 0 0 73006 43683 4991 369965 0 0 0 0 0 0 0 0 0 0 0 0 0 0
20061010 18:35:03 0 0 8 0 2 12 0 77 23 27546 10745 0 133 1 1 0 0 74928 43726 5122 370441 0 0 0 0 0 0 0 0 0 0 0 0 0 0
20061010 18:35:04 0 0 9 0 2 13 0 76 24 28243 10748 0 133 1 1 0 0 75756 43680 5179 370404 0 0 0 0 0 0 0 0 0 0 0 0 0 0
20061010 18:35:05 0 0 9 0 2 12 0 76 24 28210 10879 0 133 1 1 0 0 75963 43694 5193 370472 0 0 0 0 0 0 0 0 0 0 0 0 0 0
20061010 18:35:06 0 0 9 0 2 12 0 77 23 28449 10927 0 133 1 1 0 0 75706 43760 5175 370849 0 0 0 0 0 0 0 0 0 0 0 0 0 0
20061010 18:35:07 0 0 9 0 2 12 0 76 24 28387 11021 0 133 2 1 0 0 76695 43664 5243 370193 0 0 0 0 0 0 0 0 0 0 0 0 0 0
20061010 18:35:08 0 0 9 0 2 13 0 75 25 28256 10897 0 133 0 1 0 0 74760 43813 5111 371284 0 0 0 0 0 0 0 0 0 0 0 0 0 0
20061010 18:35:09 0 0 9 0 2 13 0 76 24 27267 10881 0 133 1 1 0 0 75434 43604 5157 369558 0 0 0 0 0 0 0 0 0 0 0 0 0 0
20061010 18:35:10 0 0 10 0 2 12 0 76 24 27768 10638 0 133 3 1 0 0 75418 43733 5156 370531 0 0 0 0 0 0 0 0 0 0 0 0 0 0
20061010 18:35:11 0 0 10 0 2 12 0 76 24 27026 10830 0 133 0 1 0 0 74374 43616 5084 369534 0 0 0 0 0 0 0 0 0 0 0 0 0 0
20061010 18:35:12 0 0 9 0 2 13 0 76 24 27179 10741 0 133 3 1 0 0 74957 43643 5124 369716 0 0 0 0 0 0 0 0 0 0 0 0 0 0
20061010 18:35:13 0 0 9 0 2 12 0 76 24 27123 11075 0 133 1 1 0 0 75342 43564 5150 369518 0 0 0 0 0 0 0 0 0 0 0 0 0 0
20061010 18:35:14 0 0 9 0 2 13 0 76 24 27182 10811 0 133 3 1 0 0 75485 43604 5160 369760 0 1 0 0 0 0 0 0 0 0 0 0 0 0
20061010 18:35:15 0 0 9 0 2 12 0 76 24 27102 10734 0 133 0 1 0 0 74862 43643 5118 369623 0 0 0 0 0 0 0 0 0 0 0 0 0 0
20061010 18:35:16 0 0 9 0 2 13 0 76 24 26981 10896 0 133 2 1 0 0 75257 43592 5145 369366 0 0 0 0 0 0 0 0 0 0 0 0 0 0
20061010 18:35:17 0 0 9 0 2 12 0 76 24 27319 10801 0 133 0 1 0 0 74276 43732 5077 370580 0 0 0 0 0 0 0 0 0 0 0 0 0 0
20061010 18:35:18 0 0 10 0 2 12 0 76 24 27218 10612 0 133 2 1 0 0 74418 43607 5087 369534 0 0 0 0 0 0 0 0 0 0 0 0 0 0
20061010 18:35:19 0 0 9 0 2 12 0 76 24 27238 10731 0 133 1 1 0 0 76057 43647 5199 369681 0 0 0 0 0 0 0 0 0 0 0 0 0 0
20061010 18:35:20 0 0 10 0 2 11 0 76 24 27211 10874 0 133 2 1 0 0 73932 43692 5054 370151 0 0 0 0 0 0 0 0 0 0 0 0 0 0
20061010 18:35:21 0 0 10 0 2 12 0 76 24 27195 10809 0 133 1 1 0 0 73638 43658 5034 370125 0 0 0 0 0 0 0 0 0 0 0 0 0 0
20061010 18:35:22 0 0 9 0 2 12 0 77 23 27208 11018 0 133 1 1 0 0 74574 43622 5098 369973 0 0 0 0 0 0 0 0 0 0 0 0 0 0
20061010 18:35:23 0 0 9 0 2 12 0 77 23 27305 10689 0 133 2 1 0 0 75014 43680 5128 369951 0 0 0 0 0 0 0 0 0 0 0 0 0 0
20061010 18:35:24 0 0 9 0 2 12 0 76 24 27200 10863 0 133 1 1 0 0 75245 43600 5144 369381 0 0 0 0 0 0 0 0 0 0 0 0 0 0
20061010 18:35:25 0 0 9 0 2 13 0 76 24 27563 10348 0 133 2 1 0 0 75996 43756 5195 370287 0 0 0 0 0 0 0 0 0 0 0 0 0 0
20061010 18:35:26 0 0 9 0 2 13 0 76 24 27429 10669 0 133 1 1 0 0 74288 43639 5078 369806 0 0 0 0 0 0 0 0 0 0 0 0 0 0
20061010 18:35:27 0 0 9 0 2 13 0 76 24 27044 10861 0 133 3 1 0 0 74616 43654 5101 370096 0 0 0 0 0 0 0 0 0 0 0 0 0 0
20061010 18:35:28 0 0 9 0 2 12 0 77 23 27353 10877 0 133 2 1 0 0 74169 43650 5070 370024 0 0 0 0 0 0 0 0 0 0 0 0 0 0
20061010 18:35:29 0 0 9 0 2 12 0 76 24 27069 10942 0 133 0 1 0 0 74576 43677 5098 370196 0 0 0 0 0 0 0 0 0 0 0 0 0 0
20061010 18:35:30 0 0 10 0 2 13 0 75 25 26994 10653 0 133 1 1 0 0 75398 43580 5154 369193 0 0 0 0 0 0 0 0 0 0 0 0 0 0
20061010 18:35:31 0 0 9 0 2 12 0 76 24 27080 10669 0 133 1 1 0 0 74633 43678 5102 370095 0 0 0 0 0 0 0 0 0 0 0 0 0 0
20061010 18:35:32 0 0 9 0 2 13 0 76 24 27405 10605 0 133 1 1 0 0 75314 43663 5148 369792 0 0 0 0 0 0 0 0 0 0 0 0 0 0
20061010 18:35:33 0 0 10 0 2 12 0 76 24 27017 10690 0 133 0 1 0 0 74694 43727 5106 370346 0 0 0 0 0 0 0 0 0 0 0 0 0 0
20061010 18:35:34 0 0 9 0 2 13 0 76 24 27094 10689 0 133 0 1 0 0 75246 43633 5144 369630 0 0 0 0 0 0 0 0 0 0 0 0 0 0
20061010 18:35:35 0 0 9 0 2 12 0 76 24 27524 10653 2 135 3 1 0 0 74427 43653 5088 369797 0 0 0 0 0 0 0 0 0 0 0 0 0 0
20061010 18:35:36 0 0 8 0 2 13 0 76 24 27358 10661 0 135 1 1 0 0 75636 43660 5170 369897 0 0 0 0 0 0 0 0 0 0 0 0 0 0
20061010 18:35:37 0 0 10 0 2 12 0 76 24 27069 10875 0 135 1 1 0 0 74652 43708 5103 370431 0 0 0 0 0 0 0 0 0 0 0 0 0 0
20061010 18:35:38 0 0 9 0 2 13 0 76 24 27277 11023 0 135 1 1 0 0 74131 43637 5068 370164 0 0 0 0 0 0 0 0 0 0 0 0 0 0
20061010 18:35:39 0 0 9 0 2 13 0 76 24 27025 10754 1 135 0 1 0 0 75917 43580 5190 369304 0 0 0 0 0 0 0 0 0 0 0 0 0 0
20061010 18:35:40 0 0 9 0 2 13 0 76 24 27542 10783 0 135 2 1 0 0 74414 43719 5087 370357 0 0 0 0 0 0 2 2 0 60 60 0 13 13
20061010 18:35:41 0 0 10 0 2 12 0 76 24 26969 10719 0 135 2 1 0 0 74358 43671 5083 369999 0 0 0 0 0 0 0 0 0 0 0 0 0 0
20061010 18:35:42 0 0 10 0 2 12 0 76 24 27298 10830 0 135 1 1 0 0 74253 43601 5076 369572 0 0 0 0 0 0 0 0 0 0 0 0 0 0
20061010 18:35:43 0 0 10 0 2 12 0 76 24 28120 10618 0 135 2 1 0 0 76409 43375 5223 367115 0 1 0 0 0 0 0 0 0 0 0 0 0 0
20061010 18:35:44 0 0 9 0 2 12 0 76 24 28651 10447 0 135 2 1 0 0 83189 42196 5687 357293 0 0 0 0 0 0 0 0 0 0 0 0 0 0
20061010 18:35:45 0 0 8 0 2 12 0 77 23 31219 9325 0 135 0 1 0 0 80284 41007 5488 346663 0 0 0 0 0 0 0 0 0 0 0 0 0 0
20061010 18:35:46 0 0 2 0 1 3 0 93 7 11638 2642 0 135 0 1 0 0 23739 12050 1623 101429 0 0 0 0 0 0 0 0 0 0 0 0 0 0
20061010 18:35:47 0 0 0 0 0 0 0 100 0 4096 26 0 135 0 1 0 0 0 0 0 0 0 0 0 0 0 0 0 0 0 0 0 0 0 0
20061010 18:35:48 0 0 0 0 0 0 0 100 0 4127 66 0 135 0 1 0 0 0 0 0 0 0 0 0 0 0 0 3 3 0 16 16 0 1 1
20061010 18:35:49 0 0 0 0 0 0 0 100 0 4096 34 0 135 0 1 0 0 0 0 0 0 0 0 0 0 0 0 0 0 0 0 0 0 0 0
20061010 18:35:50 0 0 0 0 0 0 0 100 0 4124 40 0 135 0 1 0 0 0 0 0 0 0 0 0 0 0 0 0 0 0 0 0 0 0 0
20061010 18:35:51 0 0 0 0 0 0 0 100 0 4096 32 0 135 0 1 0 0 0 0 0 0 0 0 0 0 0 0 0 0 0 0 0 0 0 0
20061010 18:35:52 0 0 0 0 0 0 0 100 0 4124 52 0 135 0 1 0 0 0 0 0 0 0 0 0 0 0 0 0 0 0 0 0 0 0 0
20061010 18:35:53 0 0 0 0 0 0 0 100 0 4096 26 0 135 0 1 0 0 0 0 0 0 0 0 0 0 0 0 0 0 0 0 0 0 0 0
20061010 18:35:54 0 0 0 0 0 0 0 100 0 4123 48 0 135 0 1 0 0 0 0 0 0 0 0 0 0 0 0 0 0 0 0 0 0 0 0
20061010 18:35:55 0 0 0 0 0 0 0 100 0 4097 31 0 135 0 1 0 0 0 0 0 0 0 0 0 0 0 0 0 0 0 0 0 0 0 0
20061010 18:35:56 0 0 0 0 0 0 0 100 0 4124 40 0 135 0 1 0 0 0 0 0 0 0 0 0 0 0 0 0 0 0 0 0 0 0 0
20061010 18:35:57 0 0 4 0 1 6 0 89 11 17844 5265 0 135 1 1 0 0 44951 27704 3073 192875 0 0 0 0 0 0 0 0 0 0 0 0 0 0
20061010 18:35:58 0 0 8 0 2 12 0 79 21 29866 9800 0 135 2 1 0 0 80485 43525 5502 353902 0 0 0 0 0 0 0 0 0 0 0 0 0 0
20061010 18:35:59 0 0 8 0 2 12 0 77 23 26798 11041 0 135 1 1 0 0 72341 45358 4945 373313 0 0 0 0 0 0 0 0 0 0 0 0 0 0
20061010 18:36:00 0 0 8 0 2 13 0 78 22 26625 10989 0 135 1 1 0 0 73689 44080 5037 374191 0 0 0 0 0 0 0 0 0 0 0 0 0 0
20061010 18:36:01 0 0 9 0 2 12 0 77 23 26440 11208 0 135 2 1 0 0 74227 44053 5074 374020 0 0 0 0 0 0 0 0 0 0 0 0 0 0
20061010 18:36:02 0 0 9 0 2 12 0 77 23 26517 11100 0 135 3 1 0 0 72572 44128 4961 374534 0 0 0 0 0 0 0 0 0 0 0 0 0 0
20061010 18:36:03 0 0 10 0 2 12 0 76 24 26541 11213 0 135 0 1 0 0 72642 44141 4966 374879 0 0 0 0 0 0 0 0 0 0 0 0 0 0
20061010 18:36:04 0 0 9 0 2 12 0 77 23 26330 10739 0 135 2 1 0 0 75485 43999 5160 373139 0 0 0 0 0 0 0 0 0 0 0 0 0 0
20061010 18:36:05 0 0 8 0 2 12 0 77 23 26565 11166 0 135 2 1 0 0 73137 44129 5000 374748 0 0 0 0 0 0 0 0 0 0 0 0 0 0
20061010 18:36:06 0 0 9 0 2 12 0 77 23 26788 10799 0 135 3 1 0 0 73050 44112 4994 374162 0 0 0 0 0 0 3 3 0 40 40 0 7 7
20061010 18:36:07 0 0 8 0 2 12 0 78 22 26308 11140 0 135 1 1 0 0 73380 44051 5016 373930 0 0 0 0 0 0 0 0 0 0 0 0 0 0
20061010 18:36:08 0 0 8 0 2 12 0 78 22 26294 10749 0 135 1 1 0 0 74070 44073 5063 373680 0 0 0 0 0 0 0 0 0 0 0 0 0 0
20061010 18:36:09 0 0 8 0 2 13 0 77 23 26526 11037 0 135 4 1 0 0 73521 44099 5026 374594 0 0 0 0 0 0 0 0 0 0 0 0 0 0
20061010 18:36:10 0 0 8 0 2 13 0 77 23 26463 10958 0 135 2 1 0 0 72744 44125 4973 374246 0 0 0 0 0 0 0 0 0 0 0 0 0 0
20061010 18:36:11 0 0 8 0 2 13 0 77 23 26475 11062 0 135 3 1 0 0 73879 44120 5050 374473 0 1 0 0 0 0 0 0 0 0 0 0 0 0
20061010 18:36:12 0 0 8 0 2 13 0 77 23 26775 10925 0 135 0 1 0 0 72175 44164 4934 374714 0 0 0 0 0 0 0 0 0 0 0 0 0 0
20061010 18:36:13 0 0 8 0 2 12 0 77 23 26481 10809 0 135 2 1 0 0 73765 44067 5043 373871 0 0 0 0 0 0 0 0 0 0 0 0 0 0
20061010 18:36:14 0 0 8 0 2 13 0 77 23 26954 10863 0 135 1 1 0 0 72071 44176 4927 375038 0 0 0 0 0 0 6 6 0 32 32 0 2 2
20061010 18:36:15 0 0 9 0 2 12 0 77 23 26339 11156 0 135 1 1 0 0 74339 44065 5082 373831 0 0 0 0 0 0 0 0 0 0 0 0 0 0
20061010 18:36:16 0 0 8 0 2 12 0 78 22 26601 10909 0 135 2 1 0 0 72929 44149 4985 374610 0 0 0 0 0 0 0 0 0 0 0 0 0 0
20061010 18:36:17 0 0 8 0 2 12 0 77 23 26426 10707 0 135 1 1 0 0 73198 44091 5004 373983 0 0 0 0 0 0 0 0 0 0 0 0 0 0
20061010 18:36:18 0 0 9 0 2 12 0 77 23 26522 11076 0 135 1 1 0 0 74316 44083 5080 374113 0 0 0 0 0 0 0 0 0 0 0 0 0 0
20061010 18:36:19 0 0 8 0 2 12 0 77 23 26641 11147 0 135 1 1 0 0 75010 44099 5128 374265 0 0 0 0 0 0 8 8 0 44 44 0 3 3
20061010 18:36:20 0 0 8 0 2 13 0 77 23 26411 10865 0 135 1 1 0 0 74012 44093 5059 374090 0 0 0 0 0 0 0 0 0 0 0 0 0 0
20061010 18:36:21 0 0 8 0 2 12 0 77 23 26531 10751 0 135 0 1 0 0 73935 44064 5054 374004 0 0 0 0 0 0 0 0 0 0 0 0 0 0
20061010 18:36:22 0 0 8 0 2 12 0 78 22 26691 10645 0 135 2 1 0 0 73824 44102 5047 374084 0 0 0 0 0 0 0 0 0 0 0 0 0 0
20061010 18:36:23 0 0 8 0 2 12 0 78 22 26643 10899 0 135 3 1 0 0 71909 44143 4916 374863 0 0 0 0 0 0 0 0 0 0 0 0 0 0
20061010 18:36:24 0 0 8 0 2 12 0 77 23 26625 10935 0 135 2 1 0 0 73028 44125 4992 374457 0 0 0 0 0 0 0 0 0 0 0 0 0 0
20061010 18:36:25 0 0 8 0 2 13 0 76 24 26237 10931 0 135 1 1 0 0 74648 44030 5103 373496 0 0 0 0 0 0 0 0 0 0 0 0 0 0
20061010 18:36:26 0 0 9 0 2 12 0 76 24 26213 10940 0 135 1 1 0 0 74584 44016 5099 373545 0 0 0 0 0 0 0 0 0 0 0 0 0 0
20061010 18:36:27 0 0 10 0 2 12 0 77 23 26364 10933 0 135 4 1 0 0 73362 44129 5015 374266 0 0 0 0 0 0 0 0 0 0 0 0 0 0
20061010 18:36:28 0 0 9 0 2 13 0 76 24 26121 11144 0 135 2 1 0 0 72762 44072 4974 373887 0 0 0 0 0 0 0 0 0 0 0 0 0 0
20061010 18:36:29 0 0 9 0 2 12 0 76 24 26299 10981 0 135 1 1 0 0 73926 44100 5054 374059 0 0 0 0 0 0 2 2 0 12 12 0 1 1
20061010 18:36:30 0 0 9 0 2 13 0 76 24 26627 11106 0 135 2 1 0 0 73853 44130 5049 374529 0 0 0 0 0 0 0 0 0 0 0 0 0 0
20061010 18:36:31 0 0 10 0 2 13 0 76 24 26368 11264 0 135 1 1 0 0 73126 44113 4999 374257 0 0 0 0 0 0 0 0 0 0 0 0 0 0
20061010 18:36:32 0 0 10 0 2 12 0 76 24 27837 11135 0 135 2 1 0 0 74043 44196 5062 374873 0 0 0 0 0 0 0 0 0 0 0 0 0 0
20061010 18:36:33 0 0 10 0 2 12 0 76 24 27813 11125 0 135 2 1 0 0 75478 44179 5160 374919 0 0 0 0 0 0 0 0 0 0 0 0 0 0
20061010 18:36:34 0 0 10 0 2 13 0 75 25 27980 11421 0 135 3 1 0 0 73101 44207 4997 375295 0 0 0 0 0 0 0 0 0 0 0 0 0 0
20061010 18:36:35 0 0 9 0 2 12 0 76 24 27565 11058 0 135 2 1 0 0 73652 44187 5035 374797 0 0 0 0 0 0 0 0 0 0 0 0 0 0
20061010 18:36:36 0 0 10 0 2 13 0 75 25 27525 11430 0 135 1 1 0 0 75174 44164 5139 374926 0 0 0 0 0 0 0 0 0 0 0 0 0 0
20061010 18:36:37 0 0 9 0 2 12 0 77 23 26447 11391 0 135 3 1 0 0 74172 44085 5070 374026 0 0 0 0 0 0 0 0 0 0 0 0 0 0
20061010 18:36:38 0 0 9 0 2 12 0 76 24 26381 11129 0 135 1 1 0 0 73159 44129 5001 374319 0 0 0 0 0 0 0 0 0 0 0 0 0 0
20061010 18:36:39 0 0 10 0 2 12 0 76 24 26488 11070 0 135 1 1 0 0 73469 44083 5022 374167 0 0 0 0 0 0 1 1 0 4 4 0 0 0
20061010 18:36:40 0 0 10 0 1 12 0 76 24 26303 11095 0 135 2 1 0 0 73888 44046 5051 373718 0 0 0 0 0 0 0 0 0 0 0 0 0 0
20061010 18:36:41 0 0 9 0 2 13 0 75 25 26554 11059 0 135 0 1 0 0 74087 44098 5065 374159 0 0 0 0 0 0 0 0 0 0 0 0 0 0
20061010 18:36:42 0 0 9 0 2 12 0 76 24 26146 11247 0 135 1 1 0 0 74201 44106 5072 374170 0 0 0 0 0 0 0 0 0 0 0 0 0 0
20061010 18:36:43 0 0 9 0 2 13 0 76 24 26310 11022 0 135 1 1 0 0 74787 44061 5112 373900 0 0 0 0 0 0 0 0 0 0 0 0 0 0
20061010 18:36:44 0 0 10 0 2 12 0 76 24 26281 10938 0 135 1 1 0 0 74937 44040 5123 373633 0 1 0 0 0 0 0 0 0 0 0 0 0 0
20061010 18:36:45 0 0 10 0 2 12 0 76 24 26362 10863 0 135 2 1 0 0 74558 44080 5097 373952 0 0 0 0 0 0 0 0 0 0 0 0 0 0
20061010 18:36:46 0 0 10 0 2 13 0 76 24 26187 11026 0 135 1 1 0 0 75200 44050 5141 373673 0 0 0 0 0 0 0 0 0 0 0 0 0 0
20061010 18:36:47 0 0 9 0 2 12 0 76 24 26155 11117 0 135 0 1 0 0 72688 44121 4969 374362 0 0 0 0 0 0 0 0 0 0 0 0 0 0
20061010 18:36:48 0 0 9 0 2 13 0 77 23 26589 11146 0 135 3 1 0 0 72640 44140 4966 374659 0 0 0 0 0 0 0 0 0 0 0 0 0 0
20061010 18:36:49 0 0 9 0 1 13 0 76 24 26499 11115 0 135 2 1 0 0 73387 44142 5017 374545 0 0 0 0 0 0 0 0 0 0 0 0 0 0
20061010 18:36:50 0 0 8 0 2 12 0 77 23 26496 10774 0 135 3 1 0 0 72835 44107 4979 374225 0 0 0 0 0 0 0 0 0 0 0 0 0 0
20061010 18:36:51 0 0 9 0 2 12 0 77 23 26576 10810 0 135 1 1 0 0 73426 44118 5019 374213 0 0 0 0 0 0 0 0 0 0 0 0 0 0
20061010 18:36:52 0 0 10 0 2 13 0 75 25 26153 11177 0 135 2 1 0 0 75617 44055 5169 373740 0 0 0 0 0 0 0 0 0 0 0 0 0 0
20061010 18:36:53 0 0 9 0 2 13 0 76 24 26435 11025 0 135 2 1 0 0 74640 44086 5102 374160 0 0 0 0 0 0 3 3 0 40 40 0 7 7
20061010 18:36:54 0 0 10 0 2 12 0 76 24 26391 11090 0 135 3 1 0 0 73097 44088 4997 374179 0 0 0 0 0 0 0 0 0 0 0 0 0 0
20061010 18:36:55 0 0 9 0 2 12 0 77 23 26152 11017 0 135 1 1 0 0 75507 44066 5162 373690 0 0 0 0 0 0 0 0 0 0 0 0 0 0
20061010 18:36:56 0 0 9 0 2 12 0 77 23 26516 10915 0 135 2 1 0 0 72856 44117 4980 374220 0 0 0 0 0 0 0 0 0 0 0 0 0 0
20061010 18:36:57 0 0 10 0 2 12 0 76 24 26341 11294 0 135 2 1 0 0 71585 44198 4894 375204 0 0 0 0 0 0 0 0 0 0 0 0 0 0
20061010 18:36:58 0 0 9 0 2 12 0 76 24 26382 11056 0 135 1 1 0 0 73344 44127 5014 374249 0 0 0 0 0 0 0 0 0 0 0 0 0 0
20061010 18:36:59 0 0 10 0 2 12 0 76 24 26331 11026 0 135 1 1 0 0 74547 44090 5096 374191 0 0 0 0 0 0 1 1 0 4 4 0 0 0
20061010 18:37:00 0 0 9 0 2 13 0 75 25 26440 11201 0 135 4 1 0 0 73129 44102 4999 374262 0 0 0 0 0 0 0 0 0 0 0 0 0 0
20061010 18:37:01 0 0 9 0 2 12 0 76 24 26347 11036 0 135 1 1 0 0 72890 44107 4983 374357 0 0 0 0 0 0 0 0 0 0 0 0 0 0
20061010 18:37:02 0 0 9 0 2 12 0 77 23 26745 10539 0 135 2 1 0 0 73756 44123 5042 374019 0 0 0 0 0 0 0 0 0 0 0 0 0 0
20061010 18:37:03 0 0 9 0 2 12 0 77 23 26682 10943 0 135 1 1 0 0 73653 44067 5035 373978 0 0 0 0 0 0 0 0 0 0 0 0 0 0
20061010 18:37:04 0 0 9 0 2 12 0 77 23 26408 11093 0 135 1 1 0 0 73950 44160 5055 374540 0 0 0 0 0 0 0 0 0 0 0 0 0 0
20061010 18:37:05 0 0 10 0 1 13 0 76 24 26235 10867 0 135 2 1 0 0 73846 44149 5048 374445 0 0 0 0 0 0 0 0 0 0 0 0 0 0
20061010 18:37:06 0 0 9 0 2 12 0 76 24 26216 11033 0 135 3 1 0 0 73385 44038 5017 373714 0 0 0 0 0 0 0 0 0 0 0 0 0 0
20061010 18:37:07 0 0 9 0 2 13 0 76 24 27340 11235 0 135 2 1 0 0 75162 44114 5138 374281 0 0 0 0 0 0 0 0 0 0 0 0 0 0
20061010 18:37:08 0 0 9 0 2 12 0 76 24 27644 11325 0 135 1 1 0 0 75183 44120 5139 374889 0 0 0 0 0 0 0 0 0 0 0 0 0 0
20061010 18:37:09 0 0 9 0 2 12 0 76 24 27796 10761 0 135 2 1 0 0 74347 44218 5082 374846 0 0 0 0 0 0 0 0 0 0 0 0 0 0
20061010 18:37:10 0 0 10 0 2 13 0 75 25 27843 11150 0 135 1 1 0 0 75196 44183 5140 374891 0 0 0 0 0 0 0 0 0 0 0 0 0 0
20061010 18:37:11 0 0 10 0 2 12 0 75 25 27424 11232 0 135 3 1 0 0 75393 44144 5154 374867 0 0 0 0 0 0 0 0 0 0 0 0 0 0
20061010 18:37:12 0 0 9 0 2 12 0 76 24 26874 11064 0 135 0 1 0 0 74017 44109 5060 374350 0 1 0 0 0 0 0 0 0 0 0 0 0 0
20061010 18:37:13 0 0 9 0 2 12 0 76 24 26414 10821 0 135 1 1 0 0 72279 44126 4941 374344 0 0 0 0 0 0 0 0 0 0 0 0 0 0
20061010 18:37:14 0 0 9 0 2 12 0 77 23 26636 10971 0 135 2 1 0 0 73287 44178 5010 374687 0 0 0 0 0 0 0 0 0 0 0 0 0 0
20061010 18:37:15 0 0 10 0 2 12 0 76 24 26090 10880 0 135 2 1 0 0 74100 44067 5065 373686 0 0 0 0 0 0 0 0 0 0 0 0 0 0
20061010 18:37:16 0 0 9 0 2 12 0 77 23 26509 10995 0 135 0 1 0 0 74052 44080 5062 374000 0 0 0 0 0 0 0 0 0 0 0 0 0 0
20061010 18:37:17 0 0 8 0 2 13 0 76 24 26736 10891 0 135 2 1 0 0 74352 44118 5083 374248 0 0 0 0 0 0 0 0 0 0 0 0 0 0
20061010 18:37:18 0 0 9 0 2 14 0 75 25 26608 11301 0 135 0 1 0 0 73374 44092 5016 374376 0 0 0 0 0 0 0 0 0 0 0 0 0 0
20061010 18:37:19 0 0 9 0 2 13 0 76 24 26530 11003 0 135 2 1 0 0 72585 44140 4962 374635 0 0 0 0 0 0 0 0 0 0 0 0 0 0
20061010 18:37:20 0 0 9 0 2 13 0 76 24 26445 10960 0 135 2 1 0 0 75203 44080 5141 373869 0 0 0 0 0 0 0 0 0 0 0 0 0 0
20061010 18:37:21 0 0 9 0 2 13 0 76 24 26295 10842 0 135 1 1 0 0 74405 44146 5086 373991 0 0 0 0 0 0 0 0 0 0 0 0 0 0
20061010 18:37:22 0 0 9 0 2 13 0 76 24 26533 11045 0 135 1 1 0 0 74191 44095 5072 373975 0 0 0 0 0 0 0 0 0 0 0 0 0 0
20061010 18:37:23 0 0 9 0 2 12 0 77 23 26533 10828 0 135 3 1 0 0 73401 44139 5018 374324 0 0 0 0 0 0 0 0 0 0 0 0 0 0
20061010 18:37:24 0 0 10 0 2 12 0 76 24 26536 10967 0 135 0 1 0 0 72772 44105 4975 374144 0 0 0 0 0 0 2 2 0 8 8 0 0 0
20061010 18:37:25 0 0 10 0 2 13 0 75 25 26287 10897 0 135 3 1 0 0 72146 44139 4932 374487 0 0 0 0 0 0 0 0 0 0 0 0 0 0
20061010 18:37:26 0 0 10 0 2 12 0 76 24 26883 10911 0 135 3 1 0 0 72778 44115 4975 374395 0 0 0 0 0 0 0 0 0 0 0 0 0 0
20061010 18:37:27 0 0 9 0 2 12 0 76 24 26590 11290 0 135 0 1 0 0 72173 44152 4934 374727 0 0 0 0 0 0 0 0 0 0 0 0 0 0
20061010 18:37:28 0 0 9 0 2 12 0 77 23 26424 10998 0 135 1 1 0 0 73976 44069 5057 374105 0 0 0 0 0 0 0 0 0 0 0 0 0 0
20061010 18:37:29 0 0 10 0 2 12 0 76 24 26356 10902 0 135 1 1 0 0 74022 44116 5060 374147 0 0 0 0 0 0 4 4 0 24 24 0 2 2
20061010 18:37:30 0 0 10 0 2 13 0 75 25 26247 11394 0 135 2 1 0 0 72008 44129 4922 374442 0 0 0 0 0 0 0 0 0 0 0 0 0 0
20061010 18:37:31 0 0 9 0 1 13 0 76 24 26167 11122 0 135 2 1 0 0 74434 44038 5088 373725 0 0 0 0 0 0 0 0 0 0 0 0 0 0
20061010 18:37:32 0 0 10 0 2 12 0 76 24 26286 11079 0 135 3 1 0 0 72779 44119 4975 374562 0 0 0 0 0 0 0 0 0 0 0 0 0 0
20061010 18:37:33 0 0 8 0 2 13 0 77 23 26110 11277 0 135 1 1 0 0 74061 44089 5063 374085 0 0 0 0 0 0 0 0 0 0 0 0 0 0
20061010 18:37:34 0 0 10 0 2 12 0 76 24 26355 11174 0 135 1 1 0 0 73493 44113 5024 374252 0 0 0 0 0 0 0 0 0 0 0 0 0 0
20061010 18:37:35 0 0 10 0 2 12 0 76 24 26844 11187 0 135 1 1 0 0 73238 44121 5007 374571 0 0 0 0 0 0 0 0 0 0 0 0 0 0
20061010 18:37:36 0 0 11 0 2 11 0 76 24 26491 11103 0 135 0 1 0 0 72802 44127 4977 374479 0 0 0 0 0 0 0 0 0 0 0 0 0 0
20061010 18:37:37 0 0 9 0 2 13 0 76 24 26384 11156 0 135 3 1 0 0 72048 44166 4925 374731 0 0 0 0 0 0 0 0 0 0 0 0 0 0
20061010 18:37:38 0 0 9 0 2 11 0 77 23 26775 10952 0 135 2 1 0 0 73512 44129 5025 374317 0 0 0 0 0 0 0 0 0 0 0 0 0 0
20061010 18:37:39 0 0 9 0 2 13 0 76 24 26395 10894 0 135 3 1 0 0 73320 44077 5012 373796 0 0 0 0 0 0 0 0 0 0 0 0 0 0
20061010 18:37:40 0 0 10 0 2 13 0 75 25 26393 10962 0 135 2 1 0 0 74338 44041 5082 373819 0 0 0 0 0 0 0 0 0 0 0 0 0 0
20061010 18:37:41 0 0 9 0 2 13 0 77 23 26433 10863 0 135 2 1 0 0 73510 44093 5025 374186 0 1 0 0 0 0 0 0 0 0 0 0 0 0
20061010 18:37:42 0 0 10 0 2 13 0 76 24 27349 11221 0 135 3 1 0 0 73531 44139 5027 374557 0 0 0 0 0 0 0 0 0 0 0 0 0 0
20061010 18:37:43 0 0 10 0 2 13 0 75 25 27422 11412 0 135 2 1 0 0 73480 44160 5023 374834 0 0 0 0 0 0 0 0 0 0 0 0 0 0
20061010 18:37:44 0 0 10 0 2 13 0 76 24 27723 11298 0 135 2 1 0 0 74164 44194 5070 375202 0 0 0 0 0 0 0 0 0 0 0 0 0 0
20061010 18:37:45 0 0 9 0 2 13 0 76 24 27484 11406 0 135 1 1 0 0 74682 44167 5105 374814 0 0 0 0 0 0 0 0 0 0 0 0 0 0
20061010 18:37:46 0 0 9 0 2 13 0 76 24 28142 10818 0 135 3 1 0 0 74227 44168 5074 374816 0 0 0 0 0 0 0 0 0 0 0 0 0 0
20061010 18:37:47 0 0 10 0 2 12 0 75 25 26633 11150 0 135 2 1 0 0 73941 44107 5055 374253 0 0 0 0 0 0 0 0 0 0 0 0 0 0
20061010 18:37:48 0 0 9 0 2 13 0 76 24 26446 10997 0 135 1 1 0 0 72783 44101 4975 374149 0 0 0 0 0 0 0 0 0 0 0 0 0 0
20061010 18:37:49 0 0 9 0 2 12 0 76 24 26522 10811 0 135 1 1 0 0 73552 44123 5028 374144 0 0 0 0 0 0 0 0 0 0 0 0 0 0
20061010 18:37:50 0 0 9 0 2 12 0 77 23 26563 11221 0 135 1 1 0 0 72419 44162 4951 374721 0 0 0 0 0 0 0 0 0 0 0 0 0 0
20061010 18:37:51 0 0 8 0 2 12 0 77 23 26587 11029 0 135 2 1 0 0 72962 44145 4988 374646 0 0 0 0 0 0 0 0 0 0 0 0 0 0
20061010 18:37:52 0 0 9 0 2 13 0 75 25 26471 11082 0 135 1 1 0 0 73710 44104 5039 374293 0 0 0 0 0 0 0 0 0 0 0 0 0 0
20061010 18:37:53 0 0 10 0 2 12 0 76 24 26047 10808 0 135 4 1 0 0 74788 44041 5112 373608 0 0 0 0 0 0 0 0 0 0 0 0 0 0
20061010 18:37:54 0 0 10 0 2 12 0 76 24 26344 10855 0 135 4 1 0 0 73208 44091 5004 373984 0 0 0 0 0 0 0 0 0 0 0 0 0 0
20061010 18:37:55 0 0 10 0 2 12 0 77 23 26208 11255 0 135 1 1 0 0 73583 44089 5030 374088 0 0 0 0 0 0 0 0 0 0 0 0 0 0
20061010 18:37:56 0 0 10 0 2 13 0 75 25 26257 11241 0 135 1 1 0 0 74417 44059 5087 373781 0 0 0 0 0 0 0 0 0 0 0 0 0 0
20061010 18:37:57 0 0 9 0 2 12 0 76 24 26297 10883 0 135 3 1 0 0 73236 44085 5006 373949 0 0 0 0 0 0 0 0 0 0 0 0 0 0
20061010 18:37:58 0 0 9 0 2 13 0 75 25 27122 11162 0 135 1 1 0 0 72439 44268 4952 375525 0 0 0 0 0 0 0 0 0 0 0 0 0 0
20061010 18:37:59 0 0 9 0 2 11 0 77 23 26833 10697 0 135 1 1 0 0 73412 44112 5018 374347 0 0 0 0 0 0 0 0 0 0 0 0 0 0
20061010 18:38:00 0 0 10 0 2 12 0 77 23 26297 11115 0 135 2 1 0 0 72415 44118 4950 374373 0 0 0 0 0 0 0 0 0 0 0 0 0 0
20061010 18:38:01 0 0 9 0 2 13 0 76 24 26553 11118 0 135 1 1 0 0 73303 44091 5011 374074 0 0 0 0 0 0 0 0 0 0 0 0 0 0
20061010 18:38:02 0 0 10 0 2 12 0 76 24 26294 10915 0 135 0 1 0 0 73516 44095 5026 374050 0 0 0 0 0 0 0 0 0 0 0 0 0 0
20061010 18:38:03 0 0 10 0 2 12 0 76 24 26004 11056 0 135 0 1 0 0 73876 44020 5050 373636 0 0 0 0 0 0 0 0 0 0 0 0 0 0
20061010 18:38:04 0 0 9 0 2 12 0 77 23 26461 11025 0 135 2 1 0 0 74096 44117 5065 374040 0 0 0 0 0 0 0 0 0 0 0 0 0 0
20061010 18:38:05 0 0 10 0 2 13 0 75 25 26667 11222 0 135 3 1 0 0 74385 44109 5085 374242 0 0 0 0 0 0 0 0 0 0 0 0 0 0
20061010 18:38:06 0 0 10 0 2 11 0 76 24 26600 11145 0 135 1 1 0 0 73472 44109 5022 374450 0 0 0 0 0 0 0 0 0 0 0 0 0 0
20061010 18:38:07 0 0 9 0 2 12 0 76 24 26604 10906 0 135 2 1 0 0 73348 44135 5014 374524 0 0 0 0 0 0 0 0 0 0 0 0 0 0
20061010 18:38:08 0 0 9 0 2 13 0 76 24 26484 11141 0 135 0 1 0 0 73880 44097 5050 374264 0 0 0 0 0 0 0 0 0 0 0 0 0 0
20061010 18:38:09 0 0 9 0 2 12 0 76 24 26509 11142 0 135 3 1 0 0 72703 44139 4970 374451 0 0 0 0 0 0 0 0 0 0 0 0 0 0
20061010 18:38:10 0 0 9 0 2 13 0 76 24 25951 11348 0 135 2 1 0 0 74446 44061 5089 374018 0 0 0 0 0 0 0 0 0 0 0 0 0 0
20061010 18:38:11 0 0 10 0 2 12 0 76 24 26357 10963 0 135 2 1 0 0 73333 44097 5013 374163 0 0 0 0 0 0 0 0 0 0 0 0 0 0
20061010 18:38:12 0 0 9 0 2 13 0 76 24 26232 10894 0 135 3 1 0 0 75288 44066 5147 373689 0 0 0 0 0 0 0 0 0 0 0 0 0 0
20061010 18:38:13 0 0 9 0 2 12 0 77 23 26702 10681 0 135 3 1 0 0 72335 44146 4945 374533 0 1 0 0 0 0 0 0 0 0 0 0 0 0
20061010 18:38:14 0 0 10 0 2 12 0 76 24 26464 11008 0 135 4 1 0 0 73531 44096 5027 374341 0 0 0 0 0 0 0 0 0 0 0 0 0 0
20061010 18:38:15 0 0 10 0 2 12 0 76 24 26579 10969 0 135 2 1 0 0 73752 44085 5042 373755 0 0 0 0 0 0 0 0 0 0 0 0 0 0
20061010 18:38:16 0 0 9 0 2 12 0 76 24 27151 10753 0 135 2 1 0 0 74102 43642 5066 369723 0 0 0 0 0 0 0 0 0 0 0 0 0 0
20061010 18:38:17 0 0 8 0 2 13 0 77 23 27624 10557 0 135 0 1 0 0 78253 43275 5349 366615 0 0 0 0 0 0 0 0 0 0 0 0 0 0
20061010 18:38:18 0 0 7 0 2 9 0 83 17 24874 7391 0 135 0 1 0 0 63681 32271 4353 272635 0 0 0 0 0 0 0 0 0 0 0 0 0 0
20061010 18:38:19 0 0 0 0 0 0 0 100 0 4095 28 0 135 0 1 0 0 0 0 0 0 0 0 0 0 0 0 0 0 0 0 0 0 0 0
20061010 18:38:20 0 0 0 0 0 0 0 100 0 4128 54 0 135 0 1 0 0 0 0 0 0 0 0 0 0 0 0 3 3 0 16 16 0 1 1
20061010 18:38:21 0 0 0 0 0 0 0 100 0 4095 20 0 135 0 1 0 0 0 0 0 0 0 0 0 0 0 0 0 0 0 0 0 0 0 0
20061010 18:38:22 0 0 0 0 0 0 0 100 0 4125 52 0 135 0 1 0 0 0 0 0 0 0 0 0 0 0 0 0 0 0 0 0 0 0 0
20061010 18:38:23 0 0 0 0 0 0 0 100 0 4095 30 0 135 0 1 0 0 0 0 0 0 0 0 0 0 0 0 0 0 0 0 0 0 0 0
20061010 18:38:24 0 0 0 0 0 0 0 100 0 4125 40 0 135 0 1 0 0 0 0 0 0 0 0 0 0 0 0 0 0 0 0 0 0 0 0
20061010 18:38:25 0 0 0 0 0 0 0 100 0 4096 26 0 135 0 1 0 0 0 0 0 0 0 0 0 0 0 0 0 0 0 0 0 0 0 0
20061010 18:38:26 0 0 0 0 0 0 0 100 0 4124 46 0 135 0 1 0 0 0 0 0 0 0 0 0 0 0 0 0 0 0 0 0 0 0 0
20061010 18:38:27 0 0 0 0 0 0 0 100 0 4096 22 0 135 0 1 0 0 0 0 0 0 0 0 0 0 0 0 0 0 0 0 0 0 0 0
